1001035 1001035 0
1001105 1001105 0
1001129 1001129 0
1001210 1001210 0
1001323 1001323 0
1001331 1001331 0
1001362 1001362 0
1001421 1001421 0
1001494 1001494 0
1001568 1001568 0
1001728 1001728 0
1001861 1001861 0
1001889 1001889 1
1002034 1002034 0
1002045 1002045 0
1002162 1002162 0
1002691 1002691 0
1002744 1002744 0
1002964 1002964 0
1003023 1003023 0
1003031 1003031 0
1003096 1003096 0
1003128 1003128 0
1003199 1003199 0
1003390 1003390 0
1003409 1003409 0
1003425 1003425 0
1003456 1003456 0
1003548 1003548 0
1003569 1003569 0
1003737 1003737 0
1003820 1003820 0
1003958 1003958 0
1004097 1004097 0
1004359 1004359 0
1004485 1004485 0
1004541 1004541 0
1004703 1004703 0
1004772 1004772 0
1004930 1004930 0
1004984 1004984 0
1005037 1005037 0
1005204 1005204 0
1005296 1005296 0
1005432 1005432 0
1005668 1005668 0
1005866 1005866 0
1005928 1005928 0
1006071 1006071 0
1006136 1006136 0
1006413 1006413 0
1006476 1006476 0
1006558 1006558 0
1006589 1006589 0
1006604 1006604 0
1006830 1006830 0
1006873 1006873 0
1007111 1007111 0
1007142 1007142 0
1007375 1007375 0
1007605 1007605 0
1007629 1007629 0
1007670 1007670 0
1007804 1007804 0
1007818 1007818 0
1007823 1007823 0
1008032 1008032 0
1008044 1008044 0
1008058 1008058 0
1008089 1008089 0
1008149 1008149 0
1008151 1008151 0
1008168 1008168 0
1008437 1008437 0
1008663 1008663 0
1008678 1008678 0
1008681 1008681 0
1008887 1008887 0
1008962 1008962 0
1008985 1008985 0
1009073 1009073 0
1009084 1009084 0
1009095 1009095 0
1009100 1009100 0
1009117 1009117 0
1009250 1009250 0
1009345 1009345 0
1009352 1009352 0
1009367 1009367 0
1009403 1009403 0
1009455 1009455 0
1009469 1009469 0
1009487 1009487 0
1009522 1009522 0
1009554 1009554 0
1009633 1009633 0
1009688 1009688 0
1009870 1009870 0
1010003 1010003 0
1010048 1010048 0
1010091 1010091 0
1010398 1010398 0
1010402 1010402 0
1010876 1010876 0
1011058 1011058 0
1011195 1011195 0
1011201 1011201 0
1011343 1011343 0
1011412 1011412 0
1011571 1011571 0
1011619 1011619 0
1011654 1011654 0
1011663 1011663 0
1011738 1011738 0
1011836 1011836 0
1011848 1011848 0
1011904 1011904 0
1011940 1011940 0
1011962 1011962 0
1011979 1011979 0
1011985 1011985 0
1011996 1011996 0
1012042 1012042 0
1012244 1012244 0
1012320 1012320 1
1012365 1012365 0
1012553 1012553 0
1012667 1012667 0
1012791 1012791 0
1012854 1012854 0
1012930 1012930 0
1013015 1013015 0
1013082 1013082 0
1013233 1013233 0
1013358 1013358 0
1013361 1013361 0
1013446 1013446 0
1013478 1013478 0
1013481 1013481 0
1013501 1013501 0
1013545 1013545 0
1013599 1013599 0
1013612 1013612 0
1013637 1013637 0
1013664 1013664 0
1014022 1014022 0
1014137 1014137 0
1014170 1014170 0
1014304 1014304 0
1014331 1014331 0
1014443 1014443 0
1014527 1014527 0
1014595 1014595 0
1014638 1014638 0
1014656 1014656 0
1014767 1014767 0
1014906 1014906 0
1015068 1015068 0
1015403 1015403 0
1015410 1015410 0
1015581 1015581 0
1015671 1015671 0
1015723 1015723 0
1015796 1015796 0
1015829 1015829 0
1016018 1016018 1
1016057 1016057 0
1016085 1016085 0
1016096 1016096 0
1016167 1016167 0
1016216 1016216 0
1016319 1016319 0
1016335 1016335 0
1016354 1016354 0
1016643 1016643 0
1016705 1016705 0
1016729 1016729 0
1016741 1016741 0
1016888 1016888 1
1017037 1017037 0
1017107 1017107 0
1017262 1017262 0
1017279 1017279 0
1017285 1017285 0
1017324 1017324 0
1017458 1017458 0
1017560 1017560 0
1017668 1017668 0
1017808 1017808 0
1017952 1017952 0
1018003 1018003 0
1018106 1018106 0
1018147 1018147 0
1018211 1018211 0
1018225 1018225 0
1018504 1018504 0
1018557 1018557 0
1018632 1018632 0
1018658 1018658 0
1018982 1018982 0
1019241 1019241 0
1019270 1019270 0
1019309 1019309 0
1019342 1019342 0
1019558 1019558 0
1019561 1019561 0
1019623 1019623 0
1019631 1019631 0
1019739 1019739 0
1019802 1019802 1
1020179 1020179 1
1020290 1020290 0
1020330 1020330 1
1020492 1020492 0
1020539 1020539 0
1020793 1020793 0
1020856 1020856 0
1020874 1020874 0
1020941 1020941 0
1020953 1020953 0
1020970 1020970 0
1021002 1021002 0
1021030 1021030 0
1021068 1021068 0
1021095 1021095 0
1021158 1021158 0
1021161 1021161 0
1021189 1021189 0
1021208 1021208 1
1021345 1021345 0
1021410 1021410 0
1021671 1021671 0
1021812 1021812 0
1021864 1021864 0
1021898 1021898 0
1021942 1021942 0
1022251 1022251 0
1022381 1022381 0
1022497 1022497 0
1022569 1022569 0
1022682 1022682 0
1022712 1022712 0
1022729 1022729 0
1022847 1022847 0
1022859 1022859 0
1022871 1022871 0
1023001 1023001 0
1023034 1023034 0
1023185 1023185 0
1023196 1023196 0
1023235 1023235 0
1023368 1023368 0
1023543 1023543 0
1023717 1023717 0
1023744 1023744 0
1023809 1023809 0
1023941 1023941 1
1023998 1023998 0
1024103 1024103 0
1024124 1024124 0
1024172 1024172 0
1024191 1024191 0
1024325 1024325 0
1024445 1024445 0
1024500 1024500 0
1024849 1024849 0
1025000 1025000 0
1025044 1025044 0
1025116 1025116 0
1025228 1025228 0
1025245 1025245 0
1025321 1025321 0
1025506 1025506 0
1025760 1025760 0
1025810 1025810 0
1025855 1025855 0
1025940 1025940 1
1025985 1025985 0
1026009 1026009 0
1026025 1026025 0
1026074 1026074 0
1026115 1026115 0
1026306 1026306 0
1026485 1026485 0
1026748 1026748 0
1026854 1026854 0
1026927 1026927 0
1027087 1027087 0
1027297 1027297 0
1027312 1027312 0
1027337 1027337 0
1027661 1027661 0
1027763 1027763 0
1027801 1027801 0
1027828 1027828 0
1027852 1027852 0
1027867 1027867 0
1027966 1027966 0
1028005 1028005 0
1028181 1028181 0
1028348 1028348 0
1028355 1028355 0
1028542 1028542 1
1028602 1028602 0
1028759 1028759 0
1028788 1028788 0
1028815 1028815 0
1028980 1028980 0
1029046 1029046 0
1029137 1029137 0
1029153 1029153 0
1029170 1029170 0
1029210 1029210 0
1029421 1029421 0
1029439 1029439 0
1029466 1029466 0
1029549 1029549 0
1029568 1029568 1
1029701 1029701 0
1029745 1029745 0
1029844 1029844 0
1029920 1029920 0
1029947 1029947 0
1030039 1030039 0
1030082 1030082 0
1030361 1030361 0
1030375 1030375 0
1030463 1030463 1
1030490 1030490 0
1030637 1030637 0
1030641 1030641 0
1030670 1030670 0
1030702 1030702 0
1030768 1030768 0
1030784 1030784 1
1030991 1030991 0
1031241 1031241 0
1031264 1031264 0
1031374 1031374 1
1031452 1031452 0
1031467 1031467 0
1031480 1031480 0
1031589 1031589 0
1031895 1031895 0
1031946 1031946 0
1032082 1032082 0
1032094 1032094 0
1032109 1032109 0
1032160 1032160 0
1032233 1032233 0
1032326 1032326 0
1032358 1032358 0
1032481 1032481 0
1032528 1032528 0
1032768 1032768 0
1032773 1032773 0
1032879 1032879 0
1033115 1033115 0
1033200 1033200 0
1033261 1033261 0
1033306 1033306 0
1033320 1033320 0
1033347 1033347 0
1033388 1033388 0
1033404 1033404 0
1033564 1033564 0
1033628 1033628 0
1033699 1033699 0
1033724 1033724 0
1033822 1033822 0
1034134 1034134 0
1034176 1034176 0
1034273 1034273 0
1034307 1034307 0
1034390 1034390 0
1034524 1034524 0
1034587 1034587 0
1034639 1034639 0
1034682 1034682 1
1034694 1034694 0
1034729 1034729 0
1034871 1034871 0
1034892 1034892 0
1034958 1034958 0
1035010 1035010 0
1035024 1035024 0
1035036 1035036 0
1035072 1035072 0
1035106 1035106 0
1035159 1035159 0
1035192 1035192 0
1035416 1035416 0
1035484 1035484 0
1035540 1035540 0
1035632 1035632 0
1035658 1035658 0
1035707 1035707 0
1035719 1035719 0
1035790 1035790 0
1035801 1035801 0
1035867 1035867 0
1035950 1035950 0
1036421 1036421 1
1036516 1036516 0
1036530 1036530 0
1036660 1036660 0
1036697 1036697 0
1036799 1036799 0
1036861 1036861 0
1037076 1037076 0
1037179 1037179 0
1037185 1037185 0
1037672 1037672 0
1037937 1037937 0
1038049 1038049 0
1038051 1038051 0
1038084 1038084 0
1038313 1038313 0
1038367 1038367 0
1038410 1038410 0
1038436 1038436 0
1038546 1038546 0
1038563 1038563 0
1038779 1038779 0
1038805 1038805 0
1038812 1038812 0
1039280 1039280 0
1039498 1039498 0
1039547 1039547 0
1040064 1040064 0
1040218 1040218 0
1040285 1040285 0
1040336 1040336 0
1040400 1040400 0
1040668 1040668 0
1040771 1040771 0
1040808 1040808 0
1041289 1041289 0
1041306 1041306 1
1041314 1041314 0
1041388 1041388 0
1041423 1041423 0
1041570 1041570 0
1041586 1041586 0
1041680 1041680 0
1041787 1041787 0
1041835 1041835 0
1041863 1041863 0
1042024 1042024 0
1042091 1042091 0
1042260 1042260 0
1042283 1042283 0
1042518 1042518 0
1042626 1042626 0
1042735 1042735 0
1042880 1042880 0
1042908 1042908 1
1043033 1043033 0
1043088 1043088 0
1043205 1043205 0
1043212 1043212 0
1043311 1043311 1
1043325 1043325 0
1043374 1043374 0
1043476 1043476 1
1043500 1043500 0
1043631 1043631 0
1043696 1043696 0
1043954 1043954 0
1044028 1044028 0
1044045 1044045 0
1044290 1044290 0
1044624 1044624 0
1044860 1044860 0
1045015 1045015 0
1045094 1045094 0
1045288 1045288 0
1045361 1045361 0
1045389 1045389 0
1045481 1045481 0
1045545 1045545 0
1045612 1045612 0
1045702 1045702 0
1045730 1045730 0
1045751 1045751 0
1045831 1045831 1
1045885 1045885 0
1045955 1045955 0
1045969 1045969 0
1046095 1046095 0
1046243 1046243 0
1046266 1046266 0
1046313 1046313 0
1046522 1046522 0
1046546 1046546 0
1046554 1046554 0
1046578 1046578 0
1046590 1046590 0
1046870 1046870 0
1046911 1046911 0
1046925 1046925 0
1046974 1046974 1
1047079 1047079 0
1047199 1047199 0
1047249 1047249 0
1047354 1047354 0
1047390 1047390 0
1047770 1047770 0
1047865 1047865 0
1047900 1047900 0
1048063 1048063 1
1048129 1048129 0
1048141 1048141 0
1048357 1048357 0
1048362 1048362 0
1048396 1048396 0
1048421 1048421 0
1048494 1048494 0
1048584 1048584 0
1048609 1048609 1
1048697 1048697 0
1048713 1048713 0
1048745 1048745 0
1048767 1048767 0
1048861 1048861 0
1048959 1048959 0
1049012 1049012 0
1049041 1049041 0
1049163 1049163 0
1049583 1049583 1
1049684 1049684 0
1049720 1049720 0
1050000 1050000 0
1050102 1050102 1
1050168 1050168 0
1050245 1050245 0
1050343 1050343 0
1050412 1050412 0
1050725 1050725 0
1050756 1050756 0
1050810 1050810 0
1050904 1050904 0
1051278 1051278 0
1051290 1051290 0
1051316 1051316 0
1051327 1051327 0
1051349 1051349 0
1051351 1051351 0
1051508 1051508 0
1051636 1051636 0
1051669 1051669 0
1051732 1051732 0
1051825 1051825 0
1051838 1051838 0
1051897 1051897 0
1052032 1052032 0
1052102 1052102 0
1052245 1052245 0
1052382 1052382 0
1052441 1052441 0
1052520 1052520 0
1052559 1052559 0
1052678 1052678 0
1052681 1052681 0
1052869 1052869 0
1052940 1052940 0
1053277 1053277 0
1053301 1053301 0
1053352 1053352 0
1053367 1053367 0
1053519 1053519 0
1053614 1053614 0
1053620 1053620 0
1053671 1053671 0
1053909 1053909 0
1054120 1054120 0
1054416 1054416 0
1054495 1054495 0
1054540 1054540 0
1054626 1054626 0
1054675 1054675 0
1054746 1054746 0
1054867 1054867 0
1054899 1054899 0
1054950 1054950 0
1055018 1055018 0
1055079 1055079 0
1055145 1055145 0
1055438 1055438 0
1055442 1055442 0
1055456 1055456 0
1055474 1055474 0
1055503 1055503 1
1055587 1055587 0
1055639 1055639 0
1055694 1055694 1
1055705 1055705 0
1055729 1055729 0
1055741 1055741 0
1055786 1055786 0
1055798 1055798 0
1055806 1055806 0
1056005 1056005 0
1056064 1056064 0
1056154 1056154 0
1056257 1056257 0
1056336 1056336 0
1056387 1056387 0
1056493 1056493 0
1056583 1056583 0
1056901 1056901 0
1057047 1057047 0
1057092 1057092 0
1057191 1057191 0
1057253 1057253 0
1057309 1057309 0
1057397 1057397 0
1057544 1057544 0
1057561 1057561 0
1057618 1057618 0
1057623 1057623 1
1057766 1057766 0
1057963 1057963 0
1058011 1058011 1
1058074 1058074 0
1058194 1058194 0
1058232 1058232 0
1058289 1058289 0
1058347 1058347 0
1058423 1058423 0
1058586 1058586 0
1058807 1058807 0
1058822 1058822 0
1059015 1059015 0
1059094 1059094 0
1059247 1059247 0
1059265 1059265 0
1059422 1059422 0
1059454 1059454 0
1059463 1059463 0
1059513 1059513 0
1059670 1059670 0
1059702 1059702 0
1059751 1059751 0
1059831 1059831 0
1059910 1059910 0
1059924 1059924 0
1059969 1059969 0
1060137 1060137 0
1060203 1060203 0
1060236 1060236 0
1060287 1060287 0
1060362 1060362 0
1060379 1060379 0
1060385 1060385 0
1060415 1060415 0
1060527 1060527 0
1060611 1060611 0
1060832 1060832 0
1060914 1060914 0
1060992 1060992 0
1061055 1061055 0
1061106 1061106 0
1061192 1061192 0
1061449 1061449 0
1061473 1061473 0
1061867 1061867 0
1062063 1062063 0
1062170 1062170 0
1062291 1062291 0
1062450 1062450 0
1062568 1062568 1
1062660 1062660 0
1062713 1062713 0
1062728 1062728 0
1062817 1062817 0
1062861 1062861 0
1062889 1062889 0
1062992 1062992 0
1063163 1063163 0
1063279 1063279 0
1063285 1063285 0
1063372 1063372 0
1063461 1063461 0
1063538 1063538 0
1063556 1063556 0
1063627 1063627 0
1063747 1063747 0
1063765 1063765 0
1063788 1063788 0
1063901 1063901 0
1064061 1064061 1
1064184 1064184 0
1064234 1064234 0
1064308 1064308 0
1064343 1064343 0
1064377 1064377 0
1064412 1064412 0
1064559 1064559 0
1064709 1064709 1
1064783 1064783 0
1064810 1064810 0
1064836 1064836 0
1064855 1064855 0
1064887 1064887 0
1065047 1065047 0
1065136 1065136 0
1065342 1065342 0
1065397 1065397 0
1065499 1065499 1
1065679 1065679 0
1065685 1065685 0
1065708 1065708 0
1065721 1065721 0
1065743 1065743 0
1065830 1065830 0
1065935 1065935 1
1065978 1065978 0
1065981 1065981 0
1065990 1065990 0
1066233 1066233 0
1066422 1066422 0
1066463 1066463 0
1066490 1066490 0
1066576 1066576 0
1066641 1066641 0
1066702 1066702 0
1066804 1066804 0
1067030 1067030 0
1067095 1067095 0
1067100 1067100 0
1067399 1067399 0
1067507 1067507 0
1067563 1067563 0
1067665 1067665 0
1067692 1067692 0
1067829 1067829 0
1067997 1067997 1
1068028 1068028 1
1068222 1068222 0
1068327 1068327 0
1068406 1068406 0
1068488 1068488 0
1068492 1068492 0
1068543 1068543 0
1068594 1068594 0
1068726 1068726 0
1068789 1068789 0
1068929 1068929 0
1069018 1069018 0
1069284 1069284 0
1069381 1069381 0
1069390 1069390 0
1069411 1069411 0
1069425 1069425 0
1069510 1069510 0
1069650 1069650 0
1069712 1069712 0
1069806 1069806 0
1069932 1069932 0
1070009 1070009 0
1070217 1070217 0
1070244 1070244 0
1070258 1070258 0
1070418 1070418 0
1070462 1070462 0
1070485 1070485 0
1070541 1070541 0
1070601 1070601 0
1070652 1070652 0
1070878 1070878 1
1070927 1070927 0
1071268 1071268 0
1071354 1071354 0
1071378 1071378 0
1071442 1071442 0
1071643 1071643 0
1071677 1071677 0
1071806 1071806 0
1071833 1071833 0
1071859 1071859 0
1071871 1071871 0
1071975 1071975 0
1072122 1072122 0
1072231 1072231 0
1072493 1072493 1
1072525 1072525 0
1072583 1072583 0
1072630 1072630 0
1072714 1072714 0
1072843 1072843 0
1072928 1072928 0
1073224 1073224 0
1073318 1073318 0
1073477 1073477 1
1073609 1073609 0
1073734 1073734 0
1073875 1073875 0
1073906 1073906 0
1073992 1073992 0
1074214 1074214 0
1074300 1074300 0
1074326 1074326 0
1074407 1074407 0
1074422 1074422 0
1074454 1074454 0
1074481 1074481 0
1074612 1074612 0
1074879 1074879 0
1075034 1075034 0
1075123 1075123 0
1075162 1075162 0
1075196 1075196 1
1075543 1075543 0
1075550 1075550 0
1075577 1075577 0
1075636 1075636 0
1075655 1075655 0
1075726 1075726 0
1075789 1075789 0
1075897 1075897 0
1075905 1075905 0
1075929 1075929 0
1075937 1075937 0
1075964 1075964 0
1076075 1076075 0
1076173 1076173 0
1076280 1076280 0
1076308 1076308 0
1076464 1076464 0
1076646 1076646 0
1076803 1076803 0
1076824 1076824 0
1076869 1076869 0
1076962 1076962 1
1077042 1077042 0
1077166 1077166 0
1077423 1077423 0
1077505 1077505 0
1077529 1077529 0
1077601 1077601 0
1077703 1077703 1
1078020 1078020 0
1078033 1078033 0
1078103 1078103 0
1078148 1078148 0
1078187 1078187 0
1078253 1078253 0
1078397 1078397 0
1078526 1078526 0
1078558 1078558 0
1078657 1078657 0
1078685 1078685 0
1078739 1078739 0
1078766 1078766 0
1078802 1078802 0
1078946 1078946 0
1079010 1079010 1
1079024 1079024 1
1079159 1079159 0
1079238 1079238 0
1079451 1079451 0
1079484 1079484 0
1079523 1079523 0
1079540 1079540 0
1079585 1079585 0
1079689 1079689 0
1079707 1079707 0
1079719 1079719 0
1079746 1079746 1
1079915 1079915 0
1080051 1080051 0
1080117 1080117 0
1080266 1080266 0
1080313 1080313 0
1080352 1080352 0
1080455 1080455 0
1080554 1080554 0
1080671 1080671 0
1080704 1080704 0
1081111 1081111 0
1081174 1081174 1
1081332 1081332 0
1081389 1081389 0
1081393 1081393 0
1081605 1081605 0
1081857 1081857 0
1081903 1081903 0
1081910 1081910 0
1081991 1081991 0
1082030 1082030 0
1082158 1082158 0
1082301 1082301 1
1082522 1082522 0
1082731 1082731 0
1082829 1082829 0
1082837 1082837 0
1082853 1082853 0
1082974 1082974 0
1082983 1082983 0
1083032 1083032 0
1083044 1083044 0
1083234 1083234 0
1083245 1083245 0
1083267 1083267 0
1083350 1083350 0
1083366 1083366 0
1083394 1083394 0
1083412 1083412 0
1083437 1083437 1
1083588 1083588 0
1083654 1083654 0
1083725 1083725 0
1083891 1083891 0
1083931 1083931 0
1083957 1083957 0
1083979 1083979 0
1084070 1084070 0
1084303 1084303 0
1084310 1084310 0
1084417 1084417 0
1084444 1084444 0
1084574 1084574 0
1084630 1084630 0
1084695 1084695 0
1084706 1084706 0
1084788 1084788 1
1084821 1084821 0
1084882 1084882 0
1084894 1084894 0
1085009 1085009 0
1085025 1085025 0
1085056 1085056 1
1085097 1085097 0
1085226 1085226 0
1085462 1085462 0
1085652 1085652 0
1085667 1085667 0
1085748 1085748 0
1085755 1085755 0
1085949 1085949 0
1085984 1085984 0
1086072 1086072 0
1086120 1086120 0
1086274 1086274 0
1086364 1086364 0
1086398 1086398 1
1086430 1086430 0
1086495 1086495 0
1086540 1086540 0
1086579 1086579 0
1086778 1086778 0
1086781 1086781 0
1086982 1086982 0
1087186 1087186 0
1087269 1087269 0
1087304 1087304 0
1087331 1087331 0
1087379 1087379 0
1087701 1087701 0
1087734 1087734 0
1087776 1087776 0
1088040 1088040 0
1088079 1088079 0
1088101 1088101 0
1088216 1088216 1
1088378 1088378 0
1088381 1088381 0
1088411 1088411 0
1088460 1088460 0
1088643 1088643 0
1088705 1088705 1
1088753 1088753 0
1088814 1088814 0
1088993 1088993 0
1089001 1089001 0
1089034 1089034 0
1089052 1089052 0
1089067 1089067 0
1089185 1089185 0
1089316 1089316 0
1089330 1089330 0
1089406 1089406 0
1089471 1089471 0
1089488 1089488 0
1089515 1089515 0
1089672 1089672 0
1089717 1089717 0
1089789 1089789 0
1089912 1089912 0
1089998 1089998 0
1090006 1090006 0
1090014 1090014 0
1090136 1090136 0
1090148 1090148 0
1090212 1090212 0
1090325 1090325 0
1090544 1090544 0
1090640 1090640 0
1090685 1090685 0
1090851 1090851 0
1090895 1090895 0
1091135 1091135 0
1091190 1091190 0
1091324 1091324 0
1091336 1091336 0
1091369 1091369 0
1091651 1091651 0
1091866 1091866 0
1091877 1091877 0
1092014 1092014 0
1092088 1092088 0
1092187 1092187 0
1092342 1092342 0
1092544 1092544 0
1092657 1092657 1
1092696 1092696 0
1092794 1092794 0
1092978 1092978 0
1092990 1092990 0
1093106 1093106 1
1093147 1093147 0
1093159 1093159 0
1093238 1093238 1
1093260 1093260 0
1093329 1093329 0
1093562 1093562 0
1093707 1093707 0
1093852 1093852 0
1093867 1093867 0
1093908 1093908 0
1093915 1093915 0
1094049 1094049 0
1094436 1094436 0
1094633 1094633 0
1094688 1094688 0
1094718 1094718 0
1094762 1094762 0
1094779 1094779 0
1094909 1094909 0
1094911 1094911 0
1094942 1094942 0
1094960 1094960 0
1095035 1095035 0
1095054 1095054 0
1095129 1095129 0
1095210 1095210 1
1095287 1095287 0
1095549 1095549 0
1095701 1095701 0
1095906 1095906 0
1095992 1095992 0
1096028 1096028 0
1096179 1096179 0
1096207 1096207 0
1096543 1096543 0
1096594 1096594 0
1096655 1096655 0
1096717 1096717 0
1096970 1096970 0
1097130 1097130 0
1097234 1097234 0
1097252 1097252 0
1097343 1097343 0
1097412 1097412 0
1097437 1097437 0
1097520 1097520 0
1097690 1097690 0
1097738 1097738 0
1097774 1097774 0
1097848 1097848 0
1097855 1097855 0
1097887 1097887 0
1097891 1097891 0
1097923 1097923 0
1098077 1098077 0
1098082 1098082 0
1098142 1098142 0
1098265 1098265 0
1098300 1098300 0
1098326 1098326 0
1098580 1098580 0
1098749 1098749 1
1099011 1099011 0
1099226 1099226 0
1099244 1099244 0
1099333 1099333 0
1099404 1099404 0
1099485 1099485 0
1099512 1099512 0
1099902 1099902 0
1099930 1099930 0
1099949 1099949 0
1100113 1100113 0
1100268 1100268 0
1100666 1100666 0
1100712 1100712 0
1100729 1100729 0
1100737 1100737 0
1100871 1100871 0
1101109 1101109 0
1101156 1101156 1
1101265 1101265 0
1101292 1101292 0
1101375 1101375 0
1101463 1101463 0
1101528 1101528 0
1101534 1101534 0
1101641 1101641 0
1101653 1101653 0
1101698 1101698 0
1101773 1101773 0
1101862 1101862 0
1101948 1101948 0
1102189 1102189 1
1102345 1102345 0
1102424 1102424 0
1102436 1102436 0
1102469 1102469 0
1102590 1102590 0
1102853 1102853 0
1102909 1102909 0
1102983 1102983 0
1103315 1103315 0
1103382 1103382 0
1103405 1103405 0
1103429 1103429 0
1103437 1103437 0
1103663 1103663 1
1103690 1103690 0
1103742 1103742 0
1103774 1103774 0
1103810 1103810 0
1103979 1103979 0
1104146 1104146 0
1104190 1104190 0
1104218 1104218 0
1104223 1104223 0
1104303 1104303 0
1104310 1104310 0
1104355 1104355 0
1104444 1104444 0
1104458 1104458 0
1104509 1104509 0
1104542 1104542 0
1104583 1104583 0
1104759 1104759 0
1104999 1104999 0
1105083 1105083 0
1105182 1105182 0
1105333 1105333 0
1105347 1105347 0
1105512 1105512 0
1105570 1105570 0
1105710 1105710 0
1105769 1105769 0
1105791 1105791 0
1105807 1105807 0
1105930 1105930 0
1106133 1106133 0
1106147 1106147 0
1106242 1106242 0
1106337 1106337 0
1106364 1106364 0
1106386 1106386 1
1106504 1106504 0
1106518 1106518 0
1106828 1106828 0
1107129 1107129 0
1107137 1107137 0
1107153 1107153 0
1107340 1107340 0
1107527 1107527 0
1107568 1107568 0
1107701 1107701 0
1107734 1107734 0
1107745 1107745 0
1107832 1107832 0
1107889 1107889 0
1107965 1107965 0
1107971 1107971 1
1107992 1107992 0
1108134 1108134 0
1108167 1108167 0
1108199 1108199 0
1108227 1108227 0
1108295 1108295 0
1108524 1108524 0
1108555 1108555 0
1108694 1108694 0
1108729 1108729 0
1108989 1108989 0
1109034 1109034 0
1109052 1109052 0
1109196 1109196 0
1109219 1109219 0
1109373 1109373 0
1109384 1109384 0
1109433 1109433 0
1109471 1109471 0
1109492 1109492 0
1109566 1109566 0
1109610 1109610 0
1109636 1109636 0
1109655 1109655 0
1109809 1109809 0
1109811 1109811 0
1109897 1109897 0
1109937 1109937 0
1109970 1109970 0
1109986 1109986 0
1110187 1110187 0
1110270 1110270 0
1110311 1110311 0
1110397 1110397 1
1110500 1110500 0
1110544 1110544 0
1110589 1110589 0
1110708 1110708 0
1110750 1110750 0
1110802 1110802 0
1110830 1110830 0
1110884 1110884 0
1111062 1111062 0
1111079 1111079 0
1111113 1111113 0
1111227 1111227 0
1111249 1111249 0
1111251 1111251 0
1111346 1111346 0
1111510 1111510 0
1111536 1111536 0
1111621 1111621 0
1111694 1111694 0
1111729 1111729 0
1111820 1111820 0
1111975 1111975 0
1112119 1112119 0
1112310 1112310 1
1112387 1112387 0
1112475 1112475 0
1112556 1112556 0
1112627 1112627 0
1112649 1112649 0
1112695 1112695 0
1112706 1112706 0
1112821 1112821 0
1112913 1112913 0
1112945 1112945 0
1113141 1113141 0
1113340 1113340 0
1113408 1113408 0
1113439 1113439 1
1113780 1113780 0
1113861 1113861 0
1113875 1113875 0
1114066 1114066 0
1114138 1114138 0
1114214 1114214 0
1114407 1114407 0
1114422 1114422 0
1114435 1114435 0
1114454 1114454 0
1114490 1114490 0
1114534 1114534 0
1114545 1114545 0
1114730 1114730 0
1114749 1114749 0
1114751 1114751 0
1114879 1114879 1
1115028 1115028 0
1115034 1115034 0
1115118 1115118 0
1115157 1115157 0
1115207 1115207 0
1115219 1115219 0
1115235 1115235 0
1115351 1115351 0
1115373 1115373 0
1115384 1115384 1
1115406 1115406 0
1115471 1115471 0
1115543 1115543 0
1115577 1115577 0
1115594 1115594 0
1115648 1115648 0
1115700 1115700 0
1115726 1115726 0
1115970 1115970 0
1115986 1115986 0
1116061 1116061 0
1116280 1116280 0
1116315 1116315 0
1116339 1116339 0
1116498 1116498 0
1116797 1116797 0
1116848 1116848 0
1116957 1116957 0
1117166 1117166 0
1117200 1117200 0
1117226 1117226 0
1117314 1117314 0
1117388 1117388 0
1117440 1117440 0
1117529 1117529 0
1117652 1117652 0
1117710 1117710 0
1117949 1117949 0
1117984 1117984 0
1118014 1118014 0
1118033 1118033 0
1118088 1118088 1
1118124 1118124 0
1118136 1118136 0
1118187 1118187 0
1118212 1118212 0
1118286 1118286 0
1118309 1118309 0
1118452 1118452 0
1118532 1118532 0
1118558 1118558 0
1118604 1118604 0
1118895 1118895 0
1119024 1119024 0
1119147 1119147 0
1119274 1119274 0
1119353 1119353 0
1119540 1119540 0
1119596 1119596 0
1119632 1119632 0
1119845 1119845 0
1119852 1119852 0
1119899 1119899 0
1120030 1120030 0
1120132 1120132 0
1120144 1120144 0
1120175 1120175 0
1120266 1120266 0
1120301 1120301 0
1120380 1120380 0
1120472 1120472 0
1120519 1120519 0
1120546 1120546 0
1120563 1120563 0
1120757 1120757 0
1120812 1120812 1
1120864 1120864 0
1120911 1120911 0
1120938 1120938 0
1121013 1121013 0
1121254 1121254 1
1121330 1121330 0
1121492 1121492 0
1121550 1121550 0
1121672 1121672 0
1121691 1121691 0
1121856 1121856 0
1121970 1121970 0
1122026 1122026 0
1122116 1122116 0
1122127 1122127 0
1122228 1122228 1
1122321 1122321 0
1122350 1122350 0
1122382 1122382 0
1122412 1122412 0
1122547 1122547 0
1122654 1122654 0
1122836 1122836 0
1122887 1122887 0
1122923 1122923 0
1122940 1122940 0
1123051 1123051 1
1123068 1123068 0
1123161 1123161 0
1123294 1123294 0
1123469 1123469 0
1123581 1123581 0
1123688 1123688 0
1124329 1124329 0
1124468 1124468 0
1124484 1124484 0
1124632 1124632 0
1124754 1124754 0
1124880 1124880 0
1125023 1125023 0
1125062 1125062 0
1125176 1125176 0
1125249 1125249 0
1125346 1125346 0
1125354 1125354 0
1125608 1125608 0
1125666 1125666 0
1125712 1125712 0
1125737 1125737 0
1125798 1125798 0
1125871 1125871 0
1126122 1126122 0
1126257 1126257 0
1126372 1126372 1
1126387 1126387 0
1126684 1126684 0
1126765 1126765 0
1126788 1126788 0
1126821 1126821 0
1127006 1127006 0
1127241 1127241 0
1127338 1127338 0
1127356 1127356 1
1127413 1127413 0
1127467 1127467 0
1127480 1127480 0
1127532 1127532 0
1127604 1127604 0
1127679 1127679 0
1128009 1128009 0
1128083 1128083 0
1128258 1128258 0
1128261 1128261 0
1128293 1128293 1
1128423 1128423 0
1128457 1128457 0
1128505 1128505 0
1128529 1128529 0
1128586 1128586 0
1128652 1128652 0
1128755 1128755 0
1128791 1128791 0
1128951 1128951 0
1128995 1128995 0
1129021 1129021 0
1129039 1129039 0
1129361 1129361 0
1129727 1129727 0
1129751 1129751 0
1129831 1129831 0
1129896 1129896 0
1130054 1130054 0
1130078 1130078 0
1130164 1130164 0
1130203 1130203 0
1130269 1130269 0
1130318 1130318 0
1130340 1130340 0
1130549 1130549 0
1130674 1130674 0
1130701 1130701 0
1130776 1130776 0
1130780 1130780 0
1130799 1130799 0
1130817 1130817 0
1131165 1131165 0
1131188 1131188 0
1131211 1131211 0
1131451 1131451 0
1131473 1131473 0
1131617 1131617 0
1131939 1131939 0
1132019 1132019 0
1132022 1132022 0
1132054 1132054 0
1132210 1132210 1
1132421 1132421 0
1132516 1132516 1
1132584 1132584 0
1132660 1132660 0
1132875 1132875 0
1133005 1133005 1
1133098 1133098 0
1133181 1133181 0
1133223 1133223 0
1133279 1133279 0
1133369 1133369 0
1133372 1133372 1
1133458 1133458 0
1133542 1133542 0
1133597 1133597 0
1133630 1133630 0
1133649 1133649 0
1133684 1133684 0
1133765 1133765 0
1133771 1133771 0
1133928 1133928 0
1133976 1133976 0
1134619 1134619 0
1134635 1134635 0
1134904 1134904 0
1134923 1134923 0
1134940 1134940 0
1135136 1135136 0
1135237 1135237 0
1135264 1135264 0
1135500 1135500 0
1135558 1135558 0
1135662 1135662 0
1135685 1135685 0
1135721 1135721 0
1135739 1135739 0
1135794 1135794 0
1135816 1135816 0
1135827 1135827 0
1135851 1135851 0
1135868 1135868 0
1135935 1135935 0
1136043 1136043 0
1136050 1136050 0
1136066 1136066 0
1136259 1136259 0
1136407 1136407 0
1136422 1136422 0
1136534 1136534 0
1136641 1136641 0
1136768 1136768 0
1136784 1136784 0
1136972 1136972 0
1136991 1136991 0
1137132 1137132 0
1137161 1137161 0
1137175 1137175 0
1137352 1137352 0
1137546 1137546 0
1137563 1137563 0
1137614 1137614 0
1137647 1137647 0
1137671 1137671 0
1137692 1137692 0
1137886 1137886 0
1137956 1137956 0
1138001 1138001 0
1138034 1138034 0
1138316 1138316 0
1138459 1138459 0
1138488 1138488 0
1138582 1138582 0
1138624 1138624 0
1138636 1138636 0
1138687 1138687 0
1138700 1138700 0
1138986 1138986 1
1139031 1139031 0
1139113 1139113 0
1139128 1139128 0
1139273 1139273 0
1139307 1139307 1
1139335 1139335 0
1139381 1139381 0
1139483 1139483 0
1139770 1139770 0
1139975 1139975 0
1140009 1140009 0
1140011 1140011 0
1140025 1140025 0
1140042 1140042 0
1140200 1140200 1
1140275 1140275 0
1140306 1140306 0
1140359 1140359 0
1140462 1140462 0
1140529 1140529 0
1140586 1140586 0
1140769 1140769 0
1140772 1140772 0
1140878 1140878 0
1140890 1140890 0
1140949 1140949 0
1141005 1141005 0
1141146 1141146 0
1141154 1141154 0
1141190 1141190 0
1141372 1141372 0
1141391 1141391 0
1141444 1141444 0
1141493 1141493 0
1141509 1141509 0
1141583 1141583 0
1141733 1141733 0
1141843 1141843 0
1141976 1141976 0
1141980 1141980 0
1142169 1142169 0
1142187 1142187 0
1142309 1142309 0
1142342 1142342 0
1142383 1142383 0
1142413 1142413 0
1142499 1142499 0
1142685 1142685 0
1142715 1142715 0
1143133 1143133 0
1143188 1143188 0
1143596 1143596 0
1143658 1143658 0
1143689 1143689 0
1143763 1143763 0
1143908 1143908 0
1143982 1143982 0
1144027 1144027 0
1144068 1144068 0
1144158 1144158 0
1144215 1144215 0
1144380 1144380 0
1144620 1144620 0
1144704 1144704 0
1144718 1144718 0
1144812 1144812 0
1144870 1144870 0
1144938 1144938 0
1144983 1144983 0
1145090 1145090 0
1145129 1145129 0
1145153 1145153 0
1145170 1145170 0
1145186 1145186 0
1145272 1145272 0
1145287 1145287 0
1145340 1145340 0
1145396 1145396 0
1145415 1145415 0
1145466 1145466 0
1145516 1145516 0
1145527 1145527 0
1145530 1145530 0
1145674 1145674 0
1145697 1145697 0
1145965 1145965 0
1146162 1146162 0
1146196 1146196 0
1146278 1146278 0
1146465 1146465 0
1146717 1146717 0
1146953 1146953 0
1146986 1146986 0
1147026 1147026 0
1147075 1147075 0
1147130 1147130 0
1147377 1147377 0
1147405 1147405 0
1147506 1147506 0
1147547 1147547 0
1147559 1147559 0
1147619 1147619 0
1147654 1147654 0
1147760 1147760 0
1147783 1147783 0
1147872 1147872 0
1147918 1147918 0
1148109 1148109 0
1148125 1148125 1
1148160 1148160 0
1148183 1148183 0
1148214 1148214 0
1148265 1148265 0
1148288 1148288 0
1148332 1148332 0
1148375 1148375 0
1148389 1148389 0
1148407 1148407 0
1148435 1148435 0
1148463 1148463 1
1148653 1148653 0
1148773 1148773 0
1148862 1148862 0
1148903 1148903 0
1149042 1149042 0
1149097 1149097 0
1149177 1149177 0
1149365 1149365 1
1149457 1149457 0
1149541 1149541 0
1149916 1149916 0
1150004 1150004 0
1150128 1150128 0
1150180 1150180 0
1150199 1150199 0
1150216 1150216 0
1150409 1150409 0
1150650 1150650 0
1150806 1150806 0
1150847 1150847 0
1150859 1150859 0
1150865 1150865 0
1150926 1150926 0
1151027 1151027 0
1151049 1151049 0
1151193 1151193 0
1151266 1151266 0
1151522 1151522 0
1151581 1151581 0
1151812 1151812 0
1152145 1152145 0
1152152 1152152 0
1152199 1152199 0
1152322 1152322 1
1152346 1152346 0
1152442 1152442 0
1152456 1152456 1
1152460 1152460 0
1152536 1152536 0
1152548 1152548 0
1153263 1153263 0
1153351 1153351 0
1153384 1153384 0
1153406 1153406 0
1153459 1153459 0
1153492 1153492 0
1153566 1153566 0
1153669 1153669 0
1153761 1153761 0
1153789 1153789 0
1153825 1153825 0
1153842 1153842 0
1154014 1154014 0
1154237 1154237 0
1154298 1154298 1
1154374 1154374 0
1154413 1154413 0
1154500 1154500 0
1154640 1154640 0
1154696 1154696 1
1154777 1154777 0
1155075 1155075 0
1155127 1155127 0
1155149 1155149 0
1155339 1155339 1
1155690 1155690 0
1155803 1155803 0
1156011 1156011 0
1156025 1156025 0
1156042 1156042 0
1156060 1156060 0
1156083 1156083 0
1156275 1156275 0
1156306 1156306 0
1156570 1156570 0
1156598 1156598 0
1156748 1156748 0
1156787 1156787 0
1156984 1156984 0
1157165 1157165 0
1157211 1157211 0
1157658 1157658 0
1157675 1157675 0
1157689 1157689 0
1157719 1157719 0
1157966 1157966 0
1158086 1158086 0
1158098 1158098 0
1158310 1158310 0
1158355 1158355 0
1158426 1158426 0
1158597 1158597 0
1158706 1158706 0
1158733 1158733 0
1158747 1158747 0
1158821 1158821 0
1158934 1158934 0
1158967 1158967 0
1158976 1158976 0
1159019 1159019 0
1159054 1159054 0
1159186 1159186 0
1159203 1159203 0
1159318 1159318 0
1159408 1159408 0
1159415 1159415 0
1159477 1159477 0
1159494 1159494 0
1159683 1159683 0
1159817 1159817 0
1159826 1159826 0
1160066 1160066 0
1160109 1160109 0
1160138 1160138 0
1160197 1160197 0
1160288 1160288 1
1160463 1160463 0
1160478 1160478 0
1160567 1160567 0
1160716 1160716 0
1160749 1160749 0
1160948 1160948 0
1161191 1161191 0
1161212 1161212 0
1161374 1161374 0
1161802 1161802 0
1161830 1161830 0
1161868 1161868 0
1161884 1161884 0
1162039 1162039 0
1162125 1162125 0
1162156 1162156 1
1162160 1162160 0
1162174 1162174 0
1162197 1162197 0
1162288 1162288 0
1162300 1162300 0
1162317 1162317 0
1162326 1162326 0
1162361 1162361 0
1162407 1162407 0
1162446 1162446 0
1162599 1162599 0
1162641 1162641 0
1162751 1162751 0
1162885 1162885 0
1162987 1162987 0
1163042 1163042 0
1163182 1163182 0
1163293 1163293 0
1163388 1163388 0
1163392 1163392 0
1163479 1163479 0
1163496 1163496 0
1163586 1163586 0
1163613 1163613 0
1163645 1163645 0
1163676 1163676 0
1163819 1163819 0
1164004 1164004 0
1164018 1164018 0
1164040 1164040 0
1164057 1164057 0
1164079 1164079 0
1164085 1164085 0
1164227 1164227 0
1164346 1164346 0
1164438 1164438 0
1164548 1164548 0
1164572 1164572 0
1164643 1164643 0
1164666 1164666 0
1164677 1164677 0
1164741 1164741 0
1164753 1164753 0
1164786 1164786 0
1165024 1165024 0
1165225 1165225 0
1165430 1165430 0
1165468 1165468 0
1165504 1165504 0
1165801 1165801 0
1165852 1165852 0
1165908 1165908 0
1165943 1165943 0
1166186 1166186 0
1166210 1166210 0
1166595 1166595 0
1166638 1166638 0
1166800 1166800 0
1166920 1166920 0
1166947 1166947 0
1167157 1167157 0
1167162 1167162 0
1167219 1167219 0
1167316 1167316 0
1167488 1167488 0
1167577 1167577 0
1167582 1167582 0
1167603 1167603 0
1167672 1167672 0
1167726 1167726 0
1167758 1167758 0
1167809 1167809 0
1167883 1167883 0
1167937 1167937 0
1167998 1167998 0
1168016 1168016 0
1168030 1168030 0
1168161 1168161 0
1168399 1168399 0
1168507 1168507 0
1168535 1168535 0
1168590 1168590 0
1168620 1168620 0
1168692 1168692 0
1168723 1168723 0
1168974 1168974 0
1169017 1169017 0
1169044 1169044 0
1169075 1169075 0
1169127 1169127 0
1169168 1169168 0
1169280 1169280 0
1169533 1169533 0
1169622 1169622 0
1169803 1169803 0
1169957 1169957 0
1170387 1170387 0
1170426 1170426 0
1170511 1170511 1
1170695 1170695 0
1170843 1170843 0
1171058 1171058 0
1171061 1171061 0
1171173 1171173 0
1171195 1171195 0
1171267 1171267 0
1171429 1171429 0
1171470 1171470 0
1171565 1171565 1
1171607 1171607 0
1171962 1171962 0
1172038 1172038 0
1172056 1172056 0
1172108 1172108 0
1172166 1172166 0
1172289 1172289 0
1172320 1172320 0
1172347 1172347 0
1172365 1172365 0
1172423 1172423 0
1172485 1172485 0
1172512 1172512 0
1172537 1172537 0
1172553 1172553 0
1172570 1172570 0
1172628 1172628 1
1172807 1172807 0
1172835 1172835 1
1172878 1172878 0
1172890 1172890 0
1172916 1172916 0
1172949 1172949 0
1172973 1172973 0
1173015 1173015 0
1173050 1173050 1
1173142 1173142 0
1173220 1173220 0
1173271 1173271 0
1173361 1173361 0
1173545 1173545 0
1173612 1173612 1
1173664 1173664 0
1173749 1173749 0
1173804 1173804 0
1173885 1173885 0
1174007 1174007 0
1174022 1174022 0
1174362 1174362 0
