1001054 1001054 26.5723
1001090 1001090 20.2632
1001203 1001203 27.7365
1001450 1001450 18.75
1001516 1001516 23.3025
1001568 1001568 24.9871
1001642 1001642 24.5975
1002013 1002013 26.782
1002196 1002196 28.9955
1002278 1002278 26.7986
1002539 1002539 28.1367
1002566 1002566 31.6852
1002594 1002594 26.7149
1002732 1002732 23.6609
1003018 1003018 23.9766
1003096 1003096 30.5575
1003101 1003101 26.8858
1003273 1003273 26.0192
1003346 1003346 20.8467
1003460 1003460 26.3856
1003572 1003572 22.4653
1003608 1003608 27.6262
1003814 1003814 23.4936
1003900 1003900 21.8248
1003917 1003917 35.6418
1003932 1003932 24.9925
1004371 1004371 21.3281
1004634 1004634 21.3995
1004769 1004769 31.3281
1004787 1004787 24.4983
1004863 1004863 17.7778
1004927 1004927 35.9487
1005053 1005053 21.4086
1005122 1005122 25.8586
1005154 1005154 28.6328
1005432 1005432 24.4291
1005475 1005475 46.4853
1005714 1005714 28.9811
1005747 1005747 25.2363
1005866 1005866 29.0354
1005952 1005952 27.1433
1006298 1006298 22.7761
1006830 1006830 30
1007082 1007082 25.1148
1007142 1007142 20.5282
1007233 1007233 25.2482
1007501 1007501 27.2463
1007599 1007599 32.4544
1007702 1007702 29.5768
1007804 1007804 27.7703
1007823 1007823 26.1719
1007831 1007831 25.5648
1007840 1007840 28.559
1008149 1008149 29.1121
1008168 1008168 28.6542
1008195 1008195 25.0574
1008213 1008213 29.3495
1008382 1008382 25.5456
1008412 1008412 22.112
1008437 1008437 27.0197
1008498 1008498 31.5044
1008559 1008559 25.2301
1008709 1008709 25.0693
1008711 1008711 28.578
1008774 1008774 29.4236
1008836 1008836 27.465
1008918 1008918 28.699
1008957 1008957 26.4626
1009051 1009051 26.3728
1009100 1009100 29.348
1009158 1009158 30.6831
1009161 1009161 27.6006
1009193 1009193 21.8449
1009208 1009208 28.7593
1009243 1009243 21.299
1009277 1009277 25.2759
1009403 1009403 27.4394
1009469 1009469 27.5306
1009671 1009671 24.2439
1009870 1009870 31.682
1009938 1009938 27.7015
1009960 1009960 28.2585
1010003 1010003 32.0003
1010209 1010209 20.0159
1010329 1010329 28.3447
1010540 1010540 26.9768
1010557 1010557 28.9971
1010600 1010600 28.1153
1010763 1010763 32.4179
1010813 1010813 27.5749
1011026 1011026 25.8948
1011058 1011058 36.5121
1011127 1011127 35.2083
1011234 1011234 21.8724
1011280 1011280 24.6584
1011343 1011343 34.6397
1011377 1011377 21.7914
1011429 1011429 33.2735
1011559 1011559 27.0934
1011663 1011663 28.4512
1011836 1011836 28.9518
1011848 1011848 19.6331
1012009 1012009 23.5723
1012097 1012097 25
1012108 1012108 26.9972
1012143 1012143 24.5674
1012226 1012226 22.7885
1012258 1012258 25.584
1012320 1012320 36.9344
1012457 1012457 26.4381
1012485 1012485 26.8273
1012512 1012512 23.3923
1012586 1012586 21.7944
1012598 1012598 26.997
1012628 1012628 35.3903
1012724 1012724 24.539
1012819 1012819 22.9005
1012930 1012930 27.2978
1013077 1013077 27.8866
1013156 1013156 21.9355
1013265 1013265 43.9267
1013361 1013361 28.1233
1013599 1013599 44.3932
1013664 1013664 25.6327
1013749 1013749 29.6034
1013831 1013831 32.1094
1014054 1014054 31.0979
1014090 1014090 36.1198
1014170 1014170 38.841
1014198 1014198 29.9722
1014287 1014287 27.466
1014385 1014385 33.2699
1014609 1014609 24.679
1014611 1014611 20.8326
1014642 1014642 24.5761
1014734 1014734 23.4432
1014906 1014906 31.1964
1014971 1014971 20.3997
1014992 1014992 42.1904
1015016 1015016 28.5869
1015030 1015030 34.4289
1015144 1015144 22.2908
1015161 1015161 33.7149
1015266 1015266 23.0762
1015313 1015313 22.3094
1015403 1015403 28.8503
1015410 1015410 36.215
1015491 1015491 26.0771
1015590 1015590 24.6599
1015829 1015829 29.8929
1015909 1015909 25.7851
1015938 1015938 22.0317
1015956 1015956 29.8592
1015997 1015997 18.4517
1016040 1016040 27.3088
1016096 1016096 24.7133
1016268 1016268 31.1073
1016354 1016354 27.7145
1016621 1016621 27.571
1016639 1016639 29.1592
1016888 1016888 30.9917
1016917 1016917 25.2493
1016944 1016944 33.0234
1017178 1017178 23.4898
1017204 1017204 26.0933
1017223 1017223 33.218
1017279 1017279 21.9083
1017324 1017324 24.9649
1017369 1017369 30.7518
1017538 1017538 23.4509
1017556 1017556 25.0259
1017602 1017602 24.9108
1017706 1017706 26.2204
1017720 1017720 22.7466
1017913 1017913 19.0363
1017980 1017980 27.9636
1017999 1017999 26.2891
1018036 1018036 34.4922
1018055 1018055 26.2857
1018165 1018165 33.8004
1018211 1018211 24.8584
1018256 1018256 21.4981
1018283 1018283 28.4166
1018297 1018297 21.254
1018370 1018370 24.0484
1018449 1018449 24.0007
1018504 1018504 28.8653
1018579 1018579 25.9483
1018632 1018632 19.4825
1018675 1018675 30.9936
1018746 1018746 21.8339
1018828 1018828 24.5739
1018939 1018939 25.1172
1019088 1019088 23.8022
1019136 1019136 21.551
1019148 1019148 30.2048
1019558 1019558 20.0546
1019561 1019561 28.2692
1019794 1019794 25.9667
1020028 1020028 27.0969
1020052 1020052 18.6548
1020281 1020281 20.7094
1020603 1020603 21.0937
1020717 1020717 22.0855
1020856 1020856 39.0779
1020986 1020986 32.5493
1021100 1021100 23.6521
1021158 1021158 24.3277
1021161 1021161 23.4944
1021208 1021208 46.0517
1021345 1021345 26.0604
1021410 1021410 22.1139
1021424 1021424 27.2776
1021448 1021448 26.5469
1021692 1021692 30.05
1021942 1021942 26.9372
1022268 1022268 25.0926
1022354 1022354 26.8199
1022363 1022363 25.3031
1022390 1022390 37.1472
1022555 1022555 34.7494
1022712 1022712 23.486
1022741 1022741 28.3554
1023028 1023028 24.169
1023099 1023099 29.169
1023157 1023157 27.6601
1023246 1023246 32.7682
1023278 1023278 26.6436
1023550 1023550 21.9607
1023825 1023825 33.7612
1023860 1023860 21.4628
1024148 1024148 36.8084
1024298 1024298 49.6713
1024480 1024480 26.5565
1024544 1024544 28.3261
1024750 1024750 37.6852
1024946 1024946 21.5805
1025044 1025044 21.9202
1025093 1025093 29.8328
1025382 1025382 22.173
1025514 1025514 23.5301
1025559 1025559 25.1913
1025803 1025803 28.2966
1025855 1025855 22.8555
1025957 1025957 23.56
1025979 1025979 26.7919
1025985 1025985 34.6464
1026182 1026182 25.7484
1026496 1026496 32.281
1026634 1026634 26.0085
1026710 1026710 31.8041
1026724 1026724 30.4471
1026819 1026819 24.2498
1026822 1026822 32.3321
1027069 1027069 22.1607
1027106 1027106 29.4029
1027120 1027120 33.1921
1027188 1027188 27.345
1027209 1027209 22.8813
1027283 1027283 29.9709
1027626 1027626 24.7245
1027813 1027813 23.4564
1027939 1027939 22.5827
1027943 1027943 22.3403
1028107 1028107 26.9718
1028119 1028119 28.5704
1028285 1028285 27.0754
1028324 1028324 27.7726
1028458 1028458 25.7506
1028475 1028475 21.5655
1028525 1028525 30.7499
1028542 1028542 31.8764
1028771 1028771 24.9162
1028913 1028913 20.2024
1028967 1028967 41.3714
1029078 1029078 23.5539
1029210 1029210 29.3407
1029272 1029272 26.5696
1029396 1029396 23.5454
1029439 1029439 30.4025
1029466 1029466 34.6754
1029516 1029516 25.3146
1029568 1029568 27.7686
1029573 1029573 30.7501
1029728 1029728 25.6653
1029800 1029800 28.3723
1029858 1029858 26.1578
1029920 1029920 26.7782
1029947 1029947 34.4894
1030361 1030361 25.355
1030407 1030407 29.1036
1030513 1030513 26.1578
1030534 1030534 18.6854
1030664 1030664 20.6094
1030670 1030670 24.0184
1030702 1030702 25.7964
1030751 1030751 28.8288
1030969 1030969 27.7069
1031264 1031264 30.6761
1031342 1031342 34.9688
1031356 1031356 28.1207
1031360 1031360 25.7515
1031593 1031593 37.889
1031827 1031827 19.292
1031922 1031922 28.2364
1032111 1032111 26.2109
1032247 1032247 35.1887
1032292 1032292 21.1927
1032773 1032773 28.5049
1033042 1033042 30.6957
1033200 1033200 17.8145
1033306 1033306 24.5546
1033388 1033388 29.4023
1033570 1033570 22.5633
1033586 1033586 25.7506
1033710 1033710 27.86
1033724 1033724 38.7889
1033822 1033822 21.5109
1033902 1033902 29.6814
1034230 1034230 26.0245
1034273 1034273 27.6888
1034307 1034307 21.9553
1034346 1034346 27.8058
1034378 1034378 32.41
1034390 1034390 22.0181
1034474 1034474 29.2024
1034503 1034503 28.8816
1034591 1034591 28.3966
1034741 1034741 34.9714
1034847 1034847 24.5363
1034871 1034871 28.1796
1034888 1034888 34.9851
1034926 1034926 21.6613
1034932 1034932 23.2674
1035283 1035283 48.93
1035617 1035617 24.6417
1035719 1035719 34.8285
1035735 1035735 28.9062
1035781 1035781 30.3307
1035915 1035915 26.2121
1035943 1035943 25.0967
1036170 1036170 26.2303
1036186 1036186 29.7592
1036287 1036287 27.8788
1036291 1036291 35.1407
1036477 1036477 35.5794
1036516 1036516 23.0498
1036573 1036573 21.6049
1036752 1036752 30.3553
1036832 1036832 29.5347
1037045 1037045 25.3593
1037099 1037099 23.76
1037349 1037349 20.336
1037373 1037373 24.5639
1037395 1037395 25.0885
1037414 1037414 25.9635
1037508 1037508 33.3482
1037577 1037577 26.8917
1038189 1038189 28.2099
1038277 1038277 32.0782
1038313 1038313 46.1216
1038546 1038546 27.1484
1038779 1038779 30.9733
1038805 1038805 25.9567
1038886 1038886 21.7159
1038909 1038909 25.5606
1039058 1039058 29.9398
1039061 1039061 34.9077
1039089 1039089 27.0995
1039130 1039130 23.1067
1039151 1039151 28.4008
1039195 1039195 36.1646
1039213 1039213 30.2457
1039280 1039280 25.4041
1039308 1039308 29.8684
1039339 1039339 25.8586
1039429 1039429 32.9336
1039520 1039520 23.975
1039547 1039547 24.4803
1039646 1039646 35.9633
1039783 1039783 21.5571
1039923 1039923 27.0197
1040223 1040223 30.8473
1040285 1040285 28.6869
1040324 1040324 27.1411
1040336 1040336 22.2338
1040673 1040673 28.8306
1040714 1040714 32.912
1040759 1040759 30.5438
1040901 1040901 24.363
1041121 1041121 25.2675
1041392 1041392 34.5297
1041431 1041431 24.0785
1041457 1041457 24.0817
1041479 1041479 27.5959
1041710 1041710 27.5306
1041787 1041787 29.1372
1041902 1041902 27.5133
1041927 1041927 22.4359
1042370 1042370 21.8916
1042661 1042661 29.1945
1042915 1042915 23.8417
1043065 1043065 26.195
1043124 1043124 19.3424
1043172 1043172 32.0386
1043721 1043721 23.8384
1043766 1043766 30.1205
1043868 1043868 26.3463
1044099 1044099 20.4675
1044140 1044140 26.5723
1044219 1044219 22.6883
1044406 1044406 23.2115
1044465 1044465 31.2851
1044508 1044508 27.024
1044543 1044543 26.7981
1044577 1044577 27.2159
1044672 1044672 32.4745
1044761 1044761 28.6508
1044793 1044793 21.9513
1044941 1044941 26.329
1044970 1044970 26.2346
1045344 1045344 33.46
1045552 1045552 32.43
1045599 1045599 28.8644
1045768 1045768 32.5413
1045885 1045885 26.0251
1046095 1046095 34.2945
1046100 1046100 25.1063
1046250 1046250 21.7641
1046266 1046266 26.8459
1046328 1046328 20.54
1046519 1046519 31.1514
1046546 1046546 26.0197
1046671 1046671 41.0693
1046886 1046886 28.9338
1046925 1046925 26.396
1046997 1046997 36.4817
1047152 1047152 25.1968
1047180 1047180 26.1393
1047322 1047322 27.0552
1047354 1047354 25.0927
1047409 1047409 26.859
1048007 1048007 25.4939
1048186 1048186 38.4438
1048287 1048287 23.4557
1048421 1048421 24.6755
1048502 1048502 31.6839
1048549 1048549 31.4133
1048776 1048776 28.6065
1048861 1048861 28.1173
1048906 1048906 24.5497
1049178 1049178 26.4552
1049296 1049296 28.8068
1049310 1049310 29.2659
1049426 1049426 21.304
1049542 1049542 31.7226
1049556 1049556 28.9554
1049684 1049684 23.2434
1049765 1049765 22.4793
1049815 1049815 30.0378
1050149 1050149 42.7856
1050173 1050173 29.1871
1050213 1050213 33.0449
1050252 1050252 24.539
1050869 1050869 30.4181
1051001 1051001 24.0346
1051157 1051157 21.3507
1051162 1051162 25.8953
1051302 1051302 34.1422
1051543 1051543 25.9334
1051636 1051636 35.3231
1051700 1051700 26.8923
1051761 1051761 25.677
1051809 1051809 30.1194
1052058 1052058 25.0376
1052130 1052130 33.0215
1052514 1052514 26.571
1052654 1052654 23.7649
1052783 1052783 31.3092
1052869 1052869 27.1044
1052985 1052985 32.5617
1053049 1053049 33.698
1053175 1053175 27.03
1053221 1053221 30.6365
1053301 1053301 21.8742
1053328 1053328 22.5798
1053424 1053424 17.8525
1053718 1053718 24.9993
1053779 1053779 22.9568
1053829 1053829 22.9334
1053837 1053837 28.9684
1054242 1054242 25.7633
1054297 1054297 26.7013
1054370 1054370 33.4864
1054495 1054495 28.7654
1054531 1054531 35.0505
1054867 1054867 25.3565
1054899 1054899 28.944
1055101 1055101 36.0925
1055134 1055134 29.087
1055322 1055322 25.5263
1055806 1055806 23.7654
1055917 1055917 23.4632
1055926 1055926 23.4698
1056098 1056098 24.7368
1056190 1056190 26.928
1056231 1056231 25.5937
1056257 1056257 24.2578
1056336 1056336 20.6289
1056538 1056538 27.0299
1056542 1056542 22.1065
1056556 1056556 21.4083
1056574 1056574 24.6826
1056583 1056583 29.4293
1056668 1056668 26.2303
1056771 1056771 25.8131
1056967 1056967 30.5969
1056976 1056976 29.1693
1057124 1057124 26.6476
1057253 1057253 34.2654
1057309 1057309 26.7585
1057338 1057338 28.1454
1057401 1057401 33.3594
1057445 1057445 24.2574
1057544 1057544 24.5311
1057558 1057558 19.5958
1057618 1057618 36.6389
1057679 1057679 29.3878
1057721 1057721 26.5349
1057946 1057946 21.5109
1057954 1057954 24.8163
1058150 1058150 30.5594
1058320 1058320 26.0201
1058347 1058347 30.4772
1058553 1058553 25.5102
1058570 1058570 26.467
1058787 1058787 23.8384
1058819 1058819 24.8127
1058902 1058902 33.241
1059082 1059082 27.661
1059300 1059300 29.1121
1059463 1059463 25.9877
1059670 1059670 26.6698
1059698 1059698 22.3195
1060063 1060063 22.8235
1060203 1060203 22.8047
1060776 1060776 23.8694
1060893 1060893 29.685
1061003 1061003 19.2699
1061091 1061091 27.2023
1061225 1061225 24.7245
1061242 1061242 24.2908
1061329 1061329 33.8345
1061518 1061518 22.4719
1061707 1061707 26.8198
1062112 1062112 26.6878
1062141 1062141 28.2154
1062186 1062186 41.2793
1062224 1062224 39.6735
1062318 1062318 30.7085
1062450 1062450 26.5966
1062728 1062728 37.3233
1062817 1062817 26.7769
1062832 1062832 21.0663
1062861 1062861 29.3208
1063086 1063086 22.8937
1063146 1063146 30.8907
1063190 1063190 29.9247
1063285 1063285 29.4023
1063372 1063372 25.5298
1063391 1063391 31.5257
1063417 1063417 22.5925
1063444 1063444 24.0569
1063475 1063475 22.7537
1063489 1063489 23.552
1063542 1063542 29.4464
1063821 1063821 28.0026
1063843 1063843 29.679
1063901 1063901 34.1752
1063913 1063913 29.8122
1063967 1063967 19.6856
1064017 1064017 31.0173
1064343 1064343 17.7345
1064350 1064350 38.7418
1064377 1064377 21.8144
1064607 1064607 28.9946
1064619 1064619 20.9194
1064774 1064774 18.9489
1064783 1064783 23.5923
1064803 1064803 26.5052
1064824 1064824 24.6152
1064836 1064836 30.0529
1064985 1064985 29.5559
1065148 1065148 25.2305
1065374 1065374 30.0391
1065517 1065517 29.0943
1065851 1065851 34.8101
1065884 1065884 27.1431
1065919 1065919 24.9257
1065946 1065946 27.6361
1065978 1065978 28.5883
1066021 1066021 29.7375
1066066 1066066 30.5309
1066125 1066125 38.6374
1066259 1066259 32.1046
1066528 1066528 28.7274
1066567 1066567 25.7234
1066612 1066612 26.2891
1066664 1066664 19.972
1066818 1066818 25.7215
1067002 1067002 26.1953
1067016 1067016 28.5883
1067027 1067027 25.7234
1067051 1067051 24.694
1067243 1067243 25.3123
1067313 1067313 24.022
1067367 1067367 24.5243
1067507 1067507 30.4557
1067614 1067614 34.6693
1067688 1067688 32.3959
1067762 1067762 29.4096
1067837 1067837 27.2531
1068028 1068028 26.0617
1068185 1068185 30.2768
1068235 1068235 28.4149
1068246 1068246 27.0201
1068254 1068254 28.5627
1068327 1068327 20.7829
1068384 1068384 26.0283
1068406 1068406 32.5145
1068447 1068447 30.3398
1068488 1068488 27.4135
1068515 1068515 26.9564
1068648 1068648 22.5554
1068758 1068758 23.4924
1068789 1068789 26.5922
1068825 1068825 22.1488
1068856 1068856 33.5243
1068883 1068883 29.5645
1068912 1068912 22.5895
1068929 1068929 26.9776
1069085 1069085 29.9102
1069096 1069096 33.8025
1069199 1069199 21.9076
1069202 1069202 23.9162
1069249 1069249 24.6914
1069295 1069295 27.1955
1069524 1069524 29.6782
1069608 1069608 31.5334
1069650 1069650 27.2493
1069753 1069753 37.6542
1069820 1069820 32.9796
1069944 1069944 37.0932
1069958 1069958 30.1631
1070011 1070011 21.1327
1070139 1070139 35.9227
1070143 1070143 24.1187
1070244 1070244 25.2501
1070320 1070320 28.1827
1070347 1070347 23.1363
1070388 1070388 45.6933
1070553 1070553 24.794
1070634 1070634 30.2275
1070736 1070736 33.6949
1070822 1070822 26.1394
1071096 1071096 26.0937
1071199 1071199 27.1404
1071363 1071363 30.7934
1071378 1071378 25.8587
1071510 1071510 40.1102
1071643 1071643 24.6584
1071682 1071682 21.4638
1071770 1071770 27.8599
1071871 1071871 25.2947
1072029 1072029 27.6776
1072122 1072122 29.4118
1072190 1072190 21.1905
1072525 1072525 27.0754
1072630 1072630 30.4498
1072695 1072695 28.7052
1072720 1072720 30.9627
1072839 1072839 22.9201
1073255 1073255 33.4182
1073421 1073421 24.7199
1073595 1073595 36.9342
1073745 1073745 31.1788
1073861 1073861 32.4272
1073933 1073933 25.333
1073965 1073965 25.3099
1074066 1074066 31.4039
1074220 1074220 25.7659
1074358 1074358 23.552
1074422 1074422 27.0484
1074463 1074463 23.2692
1074478 1074478 24.9469
1074576 1074576 27.4729
1074580 1074580 27.0842
1074730 1074730 34.1043
1074768 1074768 38.3838
1074879 1074879 28.277
1075001 1075001 23.6652
1075067 1075067 21.9479
1075123 1075123 31.3595
1075131 1075131 29.3224
1075157 1075157 26.5747
1075254 1075254 25.1488
1075414 1075414 24.2288
1075636 1075636 25.8525
1075655 1075655 26.0547
1075897 1075897 33.4092
1075929 1075929 27.7529
1075941 1075941 21.25
1076093 1076093 23.4602
1076149 1076149 27.6622
1076252 1076252 23.5925
1076339 1076339 25.5792
1076405 1076405 33.3056
1076486 1076486 29.1839
1076506 1076506 30.3871
1076533 1076533 23.7716
1076824 1076824 22.5694
1076931 1076931 29.6564
1076957 1076957 23.3681
1076962 1076962 29.0052
1077418 1077418 24.9703
1077462 1077462 32.2708
1077553 1077553 24.0135
1077710 1077710 28.8914
1077791 1077791 22.1958
1077968 1077968 24.8585
1078136 1078136 24.4571
1078169 1078169 40.6014
1078241 1078241 30.3623
1078264 1078264 24.3865
1078298 1078298 22.3772
1078356 1078356 24.7769
1078618 1078618 25.7648
1078708 1078708 24.423
1078766 1078766 20.6428
1078794 1078794 25.9483
1078816 1078816 24.9433
1078895 1078895 30.8001
1078963 1078963 23.7032
1079024 1079024 31.3007
1079055 1079055 31.4533
1079159 1079159 25.0668
1079209 1079209 26.4721
1079238 1079238 31.0401
1079398 1079398 23.1291
1079427 1079427 25.6789
1079484 1079484 25.0247
1079531 1079531 23.9
1079562 1079562 32.4886
1079585 1079585 26.079
1079644 1079644 22.5214
1079735 1079735 25.1044
1080049 1080049 23.0303
1080189 1080189 33.6653
1080294 1080294 32.3358
1080352 1080352 26.1545
1080399 1080399 35.8203
1080455 1080455 23.5003
1080718 1080718 22.5832
1080886 1080886 26.6698
1080983 1080983 25.6373
1081039 1081039 21.7047
1081247 1081247 22.1484
1081317 1081317 27.8074
1081326 1081326 28.3443
1081481 1081481 29.1839
1081599 1081599 29.7871
1081605 1081605 23.902
1081749 1081749 22.782
1081831 1081831 26.7284
1081857 1081857 25.924
1081862 1081862 26.1649
1081903 1081903 33.341
1082016 1082016 25.4039
1082073 1082073 27.4587
1082277 1082277 36.4086
1082380 1082380 24.6533
1082535 1082535 24.0493
1082563 1082563 25.4986
1082578 1082578 29.2245
1082659 1082659 17.5919
1082731 1082731 32.0862
1082864 1082864 25.3154
1083061 1083061 27.2159
1083075 1083075 23.9464
1083130 1083130 29.4535
1083151 1083151 28.8828
1083184 1083184 29.5493
1083252 1083252 24.7245
1083308 1083308 28.5621
1083366 1083366 26.6208
1083514 1083514 38.9178
1083588 1083588 23.5436
1084053 1084053 26.9672
1084107 1084107 26.859
1084163 1084163 27.2463
1084310 1084310 23.5637
1084387 1084387 29.447
1084475 1084475 23.8754
1084630 1084630 26.4062
1085143 1085143 30.1516
1085537 1085537 33.4804
1085710 1085710 21.4533
1085807 1085807 24.0611
1086048 1086048 24.2587
1086147 1086147 27.1097
1086238 1086238 24.1609
1086283 1086283 27.6521
1086305 1086305 29.7527
1086449 1086449 23.3407
1086707 1086707 28.4414
1086790 1086790 28.75
1086982 1086982 27.8788
1087022 1087022 24.053
1087186 1087186 22.3121
1087203 1087203 29.2932
1087210 1087210 31.4698
1087362 1087362 31.0559
1087674 1087674 26.9753
1087933 1087933 28.7405
1088227 1088227 29.2495
1088409 1088409 20.8327
1088460 1088460 26.0699
1088524 1088524 24.3465
1088682 1088682 27.9801
1088926 1088926 45.6408
1088961 1088961 29.0112
1088975 1088975 32.0975
1089123 1089123 23.8087
1089263 1089263 32.3503
1089302 1089302 24.1685
1089515 1089515 26.9641
1089717 1089717 28.0578
1090047 1090047 21.562
1090103 1090103 22.8571
1090212 1090212 29.5417
1090445 1090445 25.6489
1090685 1090685 23.0777
1090782 1090782 28.2812
1090802 1090802 32.5436
1090816 1090816 25.0762
1090827 1090827 28.6424
1090895 1090895 27.4656
1090935 1090935 28.3531
1091029 1091029 26.5008
1091107 1091107 25.4915
1091190 1091190 27.4348
1091223 1091223 28.499
1091426 1091426 23.8147
1091673 1091673 26.8272
1091684 1091684 27.9522
1091894 1091894 37.0644
1091913 1091913 24.0007
1092047 1092047 31.5886
1092172 1092172 28.9209
1092264 1092264 25.5544
1092413 1092413 24.7256
1092558 1092558 26.9136
1092657 1092657 28.5156
1092750 1092750 26.5973
1092907 1092907 21.2228
1092990 1092990 27.3314
1093147 1093147 25.3848
1093225 1093225 34.8285
1093238 1093238 35.544
1093353 1093353 26.3435
1093416 1093416 26.329
1093557 1093557 26.5723
1093600 1093600 25.0815
1093876 1093876 26.1377
1093921 1093921 22.9481
1094051 1094051 28.6996
1094084 1094084 24.315
1094208 1094208 27.2664
1094215 1094215 22.2491
1094796 1094796 20.8209
1094942 1094942 22.0026
1095129 1095129 34.6754
1095137 1095137 28.0219
1095421 1095421 22.1234
1095450 1095450 25.7173
1095573 1095573 25.7439
1095609 1095609 37.8772
1095625 1095625 25.7483
1095642 1095642 21.1833
1095656 1095656 21.2615
1095683 1095683 32.7558
1095728 1095728 22.1056
1095767 1095767 31.5405
1096157 1096157 24.3159
1096207 1096207 20.9573
1096330 1096330 24.7362
1096384 1096384 37.6
1096508 1096508 24.0188
1096594 1096594 24.9459
1096636 1096636 30.8329
1096648 1096648 40.7612
1096775 1096775 32.4062
1096874 1096874 21.8556
1096937 1096937 31.0807
1096970 1096970 29.6358
1097093 1097093 20.0551
1097127 1097127 22.5
1097173 1097173 31.9531
1097276 1097276 36.9794
1097339 1097339 25.4657
1097382 1097382 27.3723
1097412 1097412 27.143
1097437 1097437 22.9819
1097470 1097470 28.1826
1097520 1097520 21.3043
1097738 1097738 22.8984
1097742 1097742 21.6794
1097774 1097774 35.031
1097985 1097985 22.1593
1098077 1098077 21.2503
1098142 1098142 24.4646
1098265 1098265 23.1274
1098288 1098288 21.2569
1098300 1098300 25.5993
1098317 1098317 30.8007
1098612 1098612 29.3575
1098670 1098670 27.7344
1098751 1098751 22.7543
1098773 1098773 21.9375
1098804 1098804 23.5343
1098910 1098910 22.3659
1099320 1099320 22.8624
1099359 1099359 28.1571
1099418 1099418 23.1274
1099431 1099431 19.9378
1099440 1099440 31.1728
1099485 1099485 25.8094
1099564 1099564 23.7344
1099703 1099703 27.1431
1099916 1099916 27.3633
1100128 1100128 28.4864
1100152 1100152 27.8599
1100216 1100216 19.4674
1100273 1100273 25.679
1100284 1100284 18.5019
1100587 1100587 25.1851
1100892 1100892 25.5271
1100917 1100917 27.9556
1101050 1101050 23.9995
1101109 1101109 29.0947
1101156 1101156 23.2558
1101407 1101407 29.1406
1101422 1101422 35.7373
1101463 1101463 34.7635
1101534 1101534 27.2914
1101576 1101576 27.3955
1101653 1101653 24.3531
1101730 1101730 24.3232
1101823 1101823 22.1594
1101831 1101831 25.4608
1101903 1101903 21.7994
1102030 1102030 35.7051
1102049 1102049 25.9612
1102073 1102073 24.406
1102144 1102144 27.0641
1102189 1102189 40.5877
1102193 1102193 27.0692
1102334 1102334 22.8386
1102436 1102436 22.4719
1102522 1102522 27.5849
1102671 1102671 23.1882
1102956 1102956 25.0333
1102974 1102974 25.5359
1103173 1103173 25.8481
1103429 1103429 31.3143
1103437 1103437 30.0914
1103547 1103547 24.2424
1103592 1103592 20.2919
1103923 1103923 29.275
1104218 1104218 24.3494
1104231 1104231 26.4441
1104296 1104296 21.3673
1104303 1104303 29.7143
1104509 1104509 24.3496
1104542 1104542 25.5673
1104616 1104616 23.2356
1104684 1104684 29.1592
1104759 1104759 25.2778
1104976 1104976 25.6015
1104999 1104999 25.8586
1105038 1105038 30.9275
1105083 1105083 25.5006
1105392 1105392 19.5635
1105512 1105512 22.5973
1105699 1105699 26.8726
1105769 1105769 25.5691
1105890 1105890 27.1309
1106274 1106274 20.625
1106305 1106305 23.7118
1106312 1106312 26.3653
1106579 1106579 25.2489
1106585 1106585 19.0364
1106632 1106632 25.9355
1106790 1106790 20.54
1107046 1107046 26.0981
1107078 1107078 32.2834
1107129 1107129 25.9879
1107203 1107203 32.7369
1107272 1107272 25.679
1107318 1107318 20.1767
1107362 1107362 23.6295
1107421 1107421 21.3396
1107443 1107443 27.8539
1107527 1107527 31.0531
1107642 1107642 37.2216
1107713 1107713 23.3333
1107817 1107817 23.8367
1107971 1107971 31.1138
1108023 1108023 21.6441
1108216 1108216 22.8516
1108230 1108230 31.7988
1108295 1108295 27.5134
1108639 1108639 28.4057
1108729 1108729 22.2063
1108932 1108932 22.612
1108975 1108975 21.562
1109162 1109162 23.7253
1109235 1109235 33.6322
1109368 1109368 23.7716
1109373 1109373 29.3338
1109492 1109492 23.939
1109775 1109775 25.5035
1109825 1109825 26.1545
1109860 1109860 26.0462
1110092 1110092 25.2776
1110237 1110237 31.8908
1110264 1110264 25.5469
1110428 1110428 26.7698
1110830 1110830 21.3495
1110884 1110884 33.0238
1110990 1110990 29.4952
1111018 1111018 33.5795
1111180 1111180 26.2304
1111251 1111251 36.8873
1111307 1111307 22.7928
1111381 1111381 28.1245
1111460 1111460 31.2175
1111510 1111510 32.3676
1111591 1111591 29.16
1111820 1111820 31.2394
1111926 1111926 21.6333
1111932 1111932 32.6818
1111993 1111993 22.8837
1112204 1112204 28.559
1112668 1112668 32.2528
1112843 1112843 29.1769
1112877 1112877 27.7177
1112901 1112901 21.7153
1113046 1113046 19.7777
1113054 1113054 37.5274
1113090 1113090 20.2434
1113340 1113340 25.9556
1113396 1113396 22.6772
1113595 1113595 26.8198
1113734 1113734 22.3076
1113752 1113752 33.4804
1113875 1113875 26.8907
1114111 1114111 26.7474
1114138 1114138 29.2304
1114174 1114174 32.2865
1114300 1114300 25.7517
1114407 1114407 24.9896
1114419 1114419 27.1788
1114528 1114528 24.4536
1114552 1114552 27.5482
1114831 1114831 25.1559
1115034 1115034 30.3302
1115099 1115099 32.6871
1115140 1115140 36.202
1115196 1115196 36.2032
1115330 1115330 25.1968
1115492 1115492 23.769
1115594 1115594 24.8902
1115856 1115856 23.4098
1115970 1115970 37.5962
1116245 1116245 22.5956
1116486 1116486 25.2342
1116607 1116607 20.0208
1116931 1116931 30.8471
1116957 1116957 25.4938
1117074 1117074 26.9528
1117083 1117083 24.5982
1117097 1117097 25.7398
1117139 1117139 21.4413
1117177 1117177 32.809
1117314 1117314 24.6133
1117512 1117512 23.3163
1117537 1117537 27.0299
1117598 1117598 23.0435
1117787 1117787 20.286
1117881 1117881 28.0082
1117951 1117951 24.8057
1118187 1118187 30.4972
1118229 1118229 35.1197
1118356 1118356 22.435
1118445 1118445 24.8445
1118544 1118544 22.3182
1118816 1118816 26.0208
1118827 1118827 45.4478
1118895 1118895 19.6194
1118922 1118922 26.4626
1119069 1119069 39.1865
1119159 1119159 31.7187
1119495 1119495 28.5494
1120068 1120068 24.9827
1120073 1120073 27.4348
1120189 1120189 26.4062
1120193 1120193 23.8606
1120250 1120250 39.181
1120491 1120491 32.4324
1120563 1120563 30.7479
1120614 1120614 37.0239
1120633 1120633 22.1222
1120731 1120731 25.8121
1120829 1120829 24.1517
1120837 1120837 30.2999
1120886 1120886 22.9929
1120960 1120960 26.6603
1121052 1121052 25.2043
1121067 1121067 19.8903
1121080 1121080 24.643
1121157 1121157 28.9341
1121179 1121179 24.9991
1121235 1121235 30.7958
1121302 1121302 23.6915
1121330 1121330 34.7807
1121368 1121368 36.2015
1121395 1121395 25.5117
1121775 1121775 24.0513
1121897 1121897 24.8875
1122173 1122173 33.891
1122195 1122195 29.6556
1122213 1122213 21.8183
1122366 1122366 25.2178
1122453 1122453 34.4123
1122738 1122738 39.2331
1122836 1122836 25.7999
1122848 1122848 24.3867
1122931 1122931 28.7233
1122940 1122940 28.9619
1123051 1123051 37.1109
1123239 1123239 28.0039
1123380 1123380 21.7776
1123469 1123469 29.8186
1123581 1123581 26.5339
1123633 1123633 27.8352
1123812 1123812 22.6403
1123841 1123841 27.7657
1123853 1123853 33.0073
1123956 1123956 20.6869
1124518 1124518 31.2213
1124596 1124596 22.7265
1124661 1124661 22.5575
1124689 1124689 25.3505
1124693 1124693 30.3085
1124880 1124880 36.7713
1125346 1125346 23.6275
1125572 1125572 28.3102
1125666 1125666 30.6247
1125786 1125786 27.5374
1125900 1125900 30.754
1126029 1126029 21.9289
1126627 1126627 28.2822
1126714 1126714 24.5739
1126866 1126866 32.3823
1127103 1127103 24.7537
1127136 1127136 28.8288
1127241 1127241 35.2469
1127338 1127338 24.762
1127445 1127445 25.4268
1127558 1127558 28.434
1127604 1127604 32.544
1127657 1127657 21.4309
1127743 1127743 20.0437
1127827 1127827 36.8778
1127935 1127935 31.1476
1128060 1128060 26.7846
1128150 1128150 20.475
1128320 1128320 19.2277
1128388 1128388 26.6728
1128392 1128392 26.2584
1128404 1128404 28.915
1128553 1128553 27.0484
1128570 1128570 24.6024
1128699 1128699 31.7553
1129021 1129021 28.5676
1129111 1129111 21.0836
1129206 1129206 19.9837
1129534 1129534 28.5776
1129862 1129862 25.9448
1129987 1129987 29.9609
1130164 1130164 24.789
1130287 1130287 31.9317
1130331 1130331 25.3864
1130379 1130379 30.116
1130466 1130466 26.5839
1130477 1130477 26.644
1130482 1130482 28.6737
1130656 1130656 34.9077
1130728 1130728 38.7517
1130767 1130767 24.784
1130799 1130799 25.9857
1130861 1130861 28.0339
1130988 1130988 25.8806
1131192 1131192 39.973
1131211 1131211 20.8221
1131274 1131274 31.2652
1131329 1131329 29.1495
1131353 1131353 24.5752
1131468 1131468 24.3902
1131562 1131562 27.3328
1131617 1131617 21.6094
1131746 1131746 27.0201
1131754 1131754 24.4862
1131845 1131845 21.7198
1131950 1131950 25.0694
1131982 1131982 28.2549
1132007 1132007 34.449
1132035 1132035 34.2802
1132054 1132054 28.0038
1132186 1132186 28.5194
1132224 1132224 23.2397
1132304 1132304 39.8228
1132482 1132482 23.815
1132584 1132584 30.5201
1133391 1133391 30.7185
1133542 1133542 27.0532
1133651 1133651 29.7942
1133684 1133684 25.6708
1133771 1133771 34.5405
1133866 1133866 26.6097
1134267 1134267 29.075
1134339 1134339 29.1121
1134350 1134350 29.6053
1134394 1134394 26.7846
1134464 1134464 30.1103
1134514 1134514 18.9965
1134571 1134571 26.142
1134588 1134588 26.5643
1134760 1134760 29.0284
1134923 1134923 23.3219
1135237 1135237 21.7096
1135325 1135325 25.1519
1135338 1135338 32.6298
1135593 1135593 37.1912
1135721 1135721 29.3019
1135743 1135743 28.0864
1135802 1135802 27.8001
1135816 1135816 22.498
1136008 1136008 23.0192
1136043 1136043 30.4659
1136233 1136233 25.2429
1136612 1136612 22.8625
1136773 1136773 26.9111
1137132 1137132 29.8992
1137161 1137161 30.1532
1137352 1137352 26.713
1137448 1137448 28.2007
1137554 1137554 21.7923
1137578 1137578 22.4592
1137606 1137606 22.6486
1137659 1137659 25.1562
1137805 1137805 24.4803
1137864 1137864 26.1795
1137925 1137925 26.0937
1137974 1137974 29.6034
1138123 1138123 29.198
1138131 1138131 25.0875
1138219 1138219 27.0799
1138669 1138669 25.1862
1138687 1138687 23.4375
1139062 1139062 22.5896
1139134 1139134 38.269
1139152 1139152 17.2697
1139216 1139216 21.9213
1139227 1139227 20.7673
1139989 1139989 26.1524
1140025 1140025 32.6672
1140226 1140226 26.4163
1140418 1140418 26.9292
1140553 1140553 30.0789
1140564 1140564 23.7542
1140652 1140652 24.6953
1141029 1141029 24.9687
1141107 1141107 26.5162
1141391 1141391 22.4685
1141426 1141426 20.2145
1141461 1141461 25.9225
1141538 1141538 38.6123
1141556 1141556 29.2659
1141684 1141684 26.3668
1141714 1141714 19.6194
1141913 1141913 21.1629
1142212 1142212 21.8254
1142241 1142241 25.6206
1142298 1142298 20.635
1142342 1142342 35.9441
1142631 1142631 26.4062
1142766 1142766 24.5109
1142907 1142907 24.1347
1143238 1143238 26.0898
1143260 1143260 23.2781
1143523 1143523 25.1919
1143658 1143658 24.1572
1143763 1143763 36.9572
1144158 1144158 27.2222
1144215 1144215 26.2188
1144345 1144345 30.2072
1144581 1144581 22.3147
1144614 1144614 22.8772
1144870 1144870 27.3845
1145063 1145063 24.677
1145170 1145170 22.302
1145323 1145323 22.4996
1145466 1145466 28.277
1145584 1145584 26.2946
1145660 1145660 20.6632
1145701 1145701 18.4304
1145780 1145780 39.8243
1145947 1145947 38.4429
1145988 1145988 32.7469
1146052 1146052 29.0836
1146196 1146196 22.0415
1146465 1146465 27.1092
1146744 1146744 26.2951
1147116 1147116 35.9518
1147173 1147173 26.7012
1147201 1147201 37.6667
1147280 1147280 24.9481
1147506 1147506 31.6406
1147559 1147559 27.4729
1147592 1147592 33.7823
1147619 1147619 34.7508
1147678 1147678 22.3569
1148125 1148125 32.0055
1148206 1148206 28.1411
1148214 1148214 26.1961
1148407 1148407 22.763
1148435 1148435 28.8505
1148528 1148528 30.2296
1148545 1148545 27.4013
1148664 1148664 37.2186
1149261 1149261 27.9793
1149404 1149404 28.1411
1149440 1149440 21.5198
1149667 1149667 27.717
1149748 1149748 23.9441
1149995 1149995 31.3723
1150128 1150128 22.4103
1150307 1150307 22.137
1150363 1150363 26.0245
1150524 1150524 25.883
1150650 1150650 29.195
1150926 1150926 22.7044
1151084 1151084 28.0756
1151277 1151277 27.7056
1151399 1151399 28.6621
1151554 1151554 29.883
1151805 1151805 23.7603
1151812 1151812 28.8053
1152199 1152199 22.2957
1152346 1152346 24.0221
1152363 1152363 31.8266
1152548 1152548 37.5775
1152591 1152591 27.9649
1152621 1152621 25.4903
1152729 1152729 32.5514
1152737 1152737 30.2275
1152764 1152764 28.5204
1152770 1152770 27.9752
1152900 1152900 31.9432
1153157 1153157 22.8764
1153246 1153246 22.5181
1153420 1153420 27.1054
1153603 1153603 25.58
1153636 1153636 31.5373
1153691 1153691 25.4325
1153811 1153811 25.7741
1153838 1153838 19.972
1153912 1153912 26.738
1153941 1153941 26.2712
1154374 1154374 34.0237
1154794 1154794 31.7063
1155000 1155000 22.8085
1155405 1155405 25.3679
1155514 1155514 29.4381
1155774 1155774 30.5858
1155824 1155824 25.9516
1155836 1155836 26.1892
1155940 1155940 32.0789
1156009 1156009 22.6811
1156025 1156025 34.6773
1156042 1156042 24.7194
1156121 1156121 26.2584
1156182 1156182 20.6479
1156392 1156392 23.0546
1156457 1156457 28.3122
1156529 1156529 26.8252
1156598 1156598 25.932
1156652 1156652 21.9363
1156748 1156748 33.7768
1157072 1157072 29.3359
1157242 1157242 27.7148
1157430 1157430 31.6263
1157473 1157473 30.173
1157484 1157484 25.7091
1157518 1157518 28.5004
1157617 1157617 24.7617
1157644 1157644 27.1416
1157661 1157661 33.5354
1157719 1157719 22.1828
1157828 1157828 27.3669
1157852 1157852 27.7957
1157876 1157876 34.6367
1157915 1157915 20.4863
1158070 1158070 23.003
1158146 1158146 35.2424
1158369 1158369 30.5969
1158426 1158426 29.132
1158542 1158542 24.1294
1158747 1158747 24.955
1158788 1158788 23.4711
1158821 1158821 24.5842
1159112 1159112 19.6772
1159203 1159203 20.3315
1159609 1159609 26.3166
1159642 1159642 24.8241
1159683 1159683 43.7679
1159745 1159745 28.933
1159817 1159817 26.1852
1159832 1159832 18.5007
1160109 1160109 36.0788
1160183 1160183 23.4711
1160197 1160197 24.0103
1160332 1160332 26.9972
1160446 1160446 25.9088
1160716 1160716 30.1783
1160749 1160749 24.169
1160948 1160948 27.3045
1161103 1161103 26.2712
1161110 1161110 33.7408
1161148 1161148 26.2649
1161212 1161212 29.374
1161325 1161325 23.4568
1161338 1161338 24.4919
1161500 1161500 25.6931
1161558 1161558 27.7778
1161743 1161743 32.735
1161946 1161946 31.8835
1161954 1161954 26.0631
1162138 1162138 21.303
1162183 1162183 25.9766
1162220 1162220 31.4745
1162288 1162288 22.9624
1162419 1162419 23.9162
1162478 1162478 21.0435
1162576 1162576 28.6508
1162702 1162702 24.5446
1162818 1162818 30.3737
1162857 1162857 29.865
1162879 1162879 21.6721
1163025 1163025 36.5292
1163097 1163097 28.1239
1163143 1163143 30.6743
1163177 1163177 30.5197
1163217 1163217 25.5456
1163306 1163306 20.4491
1163613 1163613 29.9577
1163710 1163710 19.8914
1163736 1163736 25.7344
1163819 1163819 24.3661
1163822 1163822 26.1583
1163863 1163863 31.6635
1163949 1163949 23.9069
1163968 1163968 25.2343
1164390 1164390 25.2778
1164587 1164587 27.8486
1164608 1164608 28.6041
1164643 1164643 25.625
1164806 1164806 25.2082
1164859 1164859 30.076
1164961 1164961 38.3991
1165003 1165003 31.9137
1165024 1165024 25.5183
1165274 1165274 23.7954
1165430 1165430 21.7649
1165449 1165449 24.2043
1165523 1165523 23.8445
1165585 1165585 19.7656
1165596 1165596 31.3295
1165626 1165626 27.8348
1165707 1165707 27.0703
1165790 1165790 25.5937
1165852 1165852 20.8203
1165915 1165915 30.3103
1166415 1166415 24.6584
1166482 1166482 32.5085
1166683 1166683 25.9869
1166713 1166713 24.9581
1166728 1166728 26.8211
1166920 1166920 22.5573
1167157 1167157 23.7714
1167395 1167395 26.5723
1167420 1167420 25.0363
1167515 1167515 27.3828
1167521 1167521 57.3476
1167648 1167648 28.5838
1167700 1167700 22.0015
1167758 1167758 25.6936
1167775 1167775 25.9614
1168208 1168208 31.596
1168367 1168367 23.2515
1168399 1168399 35.3306
1168436 1168436 23.3264
1168487 1168487 23.9813
1168812 1168812 23.4449
1168909 1168909 21.2503
1169441 1169441 35.5469
1169533 1169533 19.9923
1169803 1169803 25.7187
1169957 1169957 27.2463
1170154 1170154 26.5285
1170178 1170178 22.8
1170181 1170181 23.8364
1170372 1170372 30.398
1170432 1170432 31.7084
1170706 1170706 26.6522
1171017 1171017 24.1685
1171026 1171026 32.7538
1171032 1171032 25.5882
1171195 1171195 25.9708
1171321 1171321 35.2133
1171453 1171453 25.0724
1171470 1171470 29.3551
1171506 1171506 24.3911
1171869 1171869 24.3414
1171940 1171940 19.3205
1171985 1171985 26.9342
1172038 1172038 28.3391
1172074 1172074 36.0686
1172150 1172150 26.8508
1172226 1172226 28.9306
1172306 1172306 19.1053
1172314 1172314 27.6114
1172371 1172371 23.7621
1172537 1172537 27.3801
1172541 1172541 35.8939
1172613 1172613 25.5943
1172710 1172710 27.2627
1172807 1172807 31.6051
1172878 1172878 29.1407
1172949 1172949 22.0816
1172984 1172984 21.2987
1173094 1173094 26.117
1173111 1173111 28.6508
1173332 1173332 24.805
1173361 1173361 29.8962
1173490 1173490 27.0511
1173528 1173528 23.8087
1173567 1173567 31.2246
1173862 1173862 21.2629
1173948 1173948 23.4375
1174035 1174035 39.0565
1174112 1174112 29.7705
1174236 1174236 25.976
1174304 1174304 23.9813
1174340 1174340 26.9485
1174415 1174415 28.049
1174443 1174443 33.947
