1001035 1001035 0.014485064706852
1001105 1001105 0.0732548491904503
1001129 1001129 0.00529571917986906
1001210 1001210 0.057008389028729
1001323 1001323 0.0106231802372828
1001331 1001331 0.00779340247085938
1001362 1001362 0.167165861746278
1001421 1001421 0.00470784184508546
1001494 1001494 0.0553421482670261
1001568 1001568 0.0323954645845724
1001728 1001728 0.0354780909292641
1001861 1001861 0.0212120684486898
1001889 1001889 0.0320517587257299
1002034 1002034 0.00942720580103756
1002045 1002045 0.0241933714384775
1002162 1002162 0.0330357555130544
1002691 1002691 0.010878527411525
1002744 1002744 0.0713248410511914
1002964 1002964 0.0279306643556446
1003023 1003023 0.056252148259677
1003031 1003031 0.119011413973492
1003096 1003096 0.0400017199883226
1003128 1003128 0.0434340866613268
1003199 1003199 0.0153207640183303
1003390 1003390 0.0140454640243572
1003409 1003409 0.0180998658944213
1003425 1003425 0.0312846451727057
1003456 1003456 0.0551234857035028
1003548 1003548 0.0130941069424986
1003569 1003569 0.00643032861559367
1003737 1003737 0.0297622398551795
1003820 1003820 0.0327724449354464
1003958 1003958 0.173469962881277
1004097 1004097 0.00336909395078283
1004359 1004359 0.032202413938361
1004485 1004485 0.0166603184627935
1004541 1004541 0.0554207783681202
1004703 1004703 0.0324280041034645
1004772 1004772 0.0163787934165028
1004930 1004930 0.0184095657875953
1004984 1004984 0.0838233736095127
1005037 1005037 0.172302330487649
1005204 1005204 0.0210619882822353
1005296 1005296 0.0234073636808798
1005432 1005432 0.0115331603203418
1005668 1005668 0.0524981661859747
1005866 1005866 0.0684878320578583
1005928 1005928 0.0014033634868047
1006071 1006071 0.125454905891159
1006136 1006136 0.00826855961066332
1006413 1006413 0.115994216250055
1006476 1006476 0.0170976853838984
1006558 1006558 0.0559591347510825
1006589 1006589 0.0242104247102983
1006604 1006604 0.00126093785050523
1006830 1006830 0.0713706132743523
1006873 1006873 0.181654217709104
1007111 1007111 0.0394620336366498
1007142 1007142 0.00379353628388759
1007375 1007375 0.00288615216696578
1007605 1007605 0.0657612616062041
1007629 1007629 0.0126322790655847
1007670 1007670 0.0333761692757295
1007804 1007804 0.0805979918716835
1007818 1007818 0.00979176179393411
1007823 1007823 0.0166792983066431
1008032 1008032 0.0632354618633472
1008044 1008044 0.0506970294226
1008058 1008058 0.139278460298416
1008089 1008089 0.00767984087574559
1008149 1008149 0.0328647758250084
1008151 1008151 0.0142479097123872
1008168 1008168 0.0195057446778635
1008437 1008437 0.0224247474730661
1008663 1008663 0.0172734490010198
1008678 1008678 0.0457223548491179
1008681 1008681 0.0822420563381056
1008887 1008887 0.0833920016441157
1008962 1008962 0.108183633254503
1008985 1008985 0.0232937027420713
1009073 1009073 0.00824456352196062
1009084 1009084 0.0810454078945495
1009095 1009095 0.0677010008715922
1009100 1009100 0.020043402120116
1009117 1009117 0.00443814137955529
1009250 1009250 0.0509943551815391
1009345 1009345 0.0186943282361888
1009352 1009352 0.0110415898718035
1009367 1009367 0.00773546939722113
1009403 1009403 0.0120273152527593
1009455 1009455 0.174297560952843
1009469 1009469 0.0412405232689436
1009487 1009487 0.00466293432414743
1009522 1009522 0.0478761383110093
1009554 1009554 0.0186434039478502
1009633 1009633 0.0120687390808868
1009688 1009688 0.0823175323405796
1009870 1009870 0.0314197577400494
1010003 1010003 0.0380572386481107
1010048 1010048 0.0937930938550737
1010091 1010091 0.0163109119368681
1010398 1010398 0.0573452868842548
1010402 1010402 0.0127803812706673
1010876 1010876 0.0446633392311479
1011058 1011058 0.135893510426816
1011195 1011195 0.0607649353167808
1011201 1011201 0.0494165822871961
1011343 1011343 0.154874048520333
1011412 1011412 0.0242449559982622
1011571 1011571 0.13411805512709
1011619 1011619 0.11976014875942
1011654 1011654 0.0305431826566476
1011663 1011663 0.047052382696333
1011738 1011738 0.040883380079626
1011836 1011836 0.113461406850359
1011848 1011848 0.00346548455972368
1011904 1011904 0.0918759962324001
1011940 1011940 0.0156902953661027
1011962 1011962 0.00926682973542919
1011979 1011979 0.112449381650943
1011985 1011985 0.00759172773524071
1011996 1011996 0.0664832654856846
1012042 1012042 0.161267589744495
1012244 1012244 0.0192438856016514
1012320 1012320 0.216339437553666
1012365 1012365 0.0158025578909123
1012553 1012553 0.0208666419220981
1012667 1012667 0.0190365973310883
1012791 1012791 0.00105093586741633
1012854 1012854 0.324250343572279
1012930 1012930 0.0212490435882465
1013015 1013015 0.00492069568142189
1013082 1013082 0.0360846079806729
1013233 1013233 0.0184649703163772
1013358 1013358 0.051050790052238
1013361 1013361 0.0915187484287796
1013446 1013446 0.0539982063799437
1013478 1013478 0.0195066603127065
1013481 1013481 0.186490748597926
1013501 1013501 0.0487173394705039
1013545 1013545 0.146048803568494
1013599 1013599 0.219875414015191
1013612 1013612 0.0248387365724316
1013637 1013637 0.0235639117095843
1013664 1013664 0.00455434531872103
1014022 1014022 0.00506087419796709
1014137 1014137 0.0205094085535666
1014170 1014170 0.197586391763146
1014304 1014304 0.0109999661465274
1014331 1014331 0.121571093395922
1014443 1014443 0.010710215478604
1014527 1014527 0.0546470417535835
1014595 1014595 0.0556045482399874
1014638 1014638 0.0241019702924179
1014656 1014656 0.111363004993761
1014767 1014767 0.0801878149339629
1014906 1014906 0.0953317286923415
1015068 1015068 0.123783311999748
1015403 1015403 0.0738918051179388
1015410 1015410 0.119728224231332
1015581 1015581 0.0154344770434549
1015671 1015671 0.196671135004779
1015723 1015723 0.0681803855389911
1015796 1015796 0.0226901850749893
1015829 1015829 0.0439931917162034
1016018 1016018 0.0145634771432745
1016057 1016057 0.0930597100306741
1016085 1016085 0.135416397181181
1016096 1016096 0.013897334172794
1016167 1016167 0.0160847778192509
1016216 1016216 0.0329382136903866
1016319 1016319 0.0213320884220514
1016335 1016335 0.0150069001752177
1016354 1016354 0.0344965742214937
1016643 1016643 0.00429357341021952
1016705 1016705 0.158275791666595
1016729 1016729 0.0173895040681888
1016741 1016741 0.00509527342641383
1016888 1016888 0.0544288954112565
1017037 1017037 0.016300251032095
1017107 1017107 0.0164480652642021
1017262 1017262 0.0291164752189543
1017279 1017279 0.00450960723795698
1017285 1017285 0.0106422879483135
1017324 1017324 0.0189503807004436
1017458 1017458 0.0236579329708132
1017560 1017560 0.126070752105882
1017668 1017668 0.103320031308024
1017808 1017808 0.0379648245360214
1017952 1017952 0.0143692787743683
1018003 1018003 0.0325951238616114
1018106 1018106 0.0177945615170956
1018147 1018147 0.0421872101619625
1018211 1018211 0.0251776713867997
1018225 1018225 0.00920767813917591
1018504 1018504 0.0866084392245626
1018557 1018557 0.00692239615540336
1018632 1018632 0.00349804703797089
1018658 1018658 0.00516717805362242
1018982 1018982 0.0571133254904427
1019241 1019241 0.0646374809473538
1019270 1019270 0.0138460392455605
1019309 1019309 0.0339957836379841
1019342 1019342 0.00858527808403826
1019558 1019558 0.00741872676690113
1019561 1019561 0.0381784104552833
1019623 1019623 0.0456005385136917
1019631 1019631 0.0150901144878525
1019739 1019739 0.0249254580559154
1019802 1019802 0.0428384919818725
1020179 1020179 0.0588333134247851
1020290 1020290 0.0308855855735892
1020330 1020330 0.0456523583799357
1020492 1020492 0.0115664682267787
1020539 1020539 0.0133997949793204
1020793 1020793 0.0148014760192707
1020856 1020856 0.201368646235319
1020874 1020874 0.00956768160831085
1020941 1020941 0.0206653898698715
1020953 1020953 0.0116808995027647
1020970 1020970 0.0787830126238629
1021002 1021002 0.00530322502235672
1021030 1021030 0.0464176391361056
1021068 1021068 0.00757724154501797
1021095 1021095 0.027753890009866
1021158 1021158 0.00719152947851364
1021161 1021161 0.00748330936048331
1021189 1021189 0.013149228459566
1021208 1021208 0.394173528204719
1021345 1021345 0.0485741107127209
1021410 1021410 0.00867931484170427
1021671 1021671 0.0263341103065687
1021812 1021812 0.15747371507657
1021864 1021864 0.121516930849628
1021898 1021898 0.095029913556124
1021942 1021942 0.0566052999229468
1022251 1022251 0.281338794662674
1022381 1022381 0.0389455620161446
1022497 1022497 0.015467356067648
1022569 1022569 0.0065106232309621
1022682 1022682 0.0539644754766328
1022712 1022712 0.00700766482261279
1022729 1022729 0.0592886660132899
1022847 1022847 0.0175387160306795
1022859 1022859 0.0354694929074453
1022871 1022871 0.160795093103213
1023001 1023001 0.00629251296822814
1023034 1023034 0.0145484460198471
1023185 1023185 0.0247360967013265
1023196 1023196 0.0472754560111847
1023235 1023235 0.0498253025543719
1023368 1023368 0.0103664326200025
1023543 1023543 0.0280199024032408
1023717 1023717 0.0234855956964321
1023744 1023744 0.0912024276208362
1023809 1023809 0.166349635378372
1023941 1023941 0.188834672166483
1023998 1023998 0.0868069135689705
1024103 1024103 0.150325112277686
1024124 1024124 0.00510120988833982
1024172 1024172 0.0152405412968406
1024191 1024191 0.00777551513992299
1024325 1024325 0.00452841692758023
1024445 1024445 0.0563833381373829
1024500 1024500 0.0180437140845647
1024849 1024849 0.0308867227427918
1025000 1025000 0.0541772221239387
1025044 1025044 0.00547977033373197
1025116 1025116 0.20244148001272
1025228 1025228 0.0108933263973981
1025245 1025245 0.0705402260279813
1025321 1025321 0.043154185911667
1025506 1025506 0.00316513601095854
1025760 1025760 0.0322075750929169
1025810 1025810 0.00983653039073108
1025855 1025855 0.00667207209918474
1025940 1025940 0.027696608956163
1025985 1025985 0.0809846792730113
1026009 1026009 0.0812567311043256
1026025 1026025 0.0395956000636694
1026074 1026074 0.0363842910856083
1026115 1026115 0.099995507984777
1026306 1026306 0.00636635797934277
1026485 1026485 0.139339113428356
1026748 1026748 0.0413135002314601
1026854 1026854 0.240788090742658
1026927 1026927 0.00829881927560804
1027087 1027087 0.00200349235786171
1027297 1027297 0.00727937582723776
1027312 1027312 0.0665740181282233
1027337 1027337 0.10519384556367
1027661 1027661 0.0116724289365546
1027763 1027763 0.00996629036640056
1027801 1027801 0.0171385747868693
1027828 1027828 0.0079008452137778
1027852 1027852 0.0226389625518648
1027867 1027867 0.00931654498809617
1027966 1027966 0.0604013293891687
1028005 1028005 0.037626632129804
1028181 1028181 0.0430623615993938
1028348 1028348 0.0293754398111741
1028355 1028355 0.00879218783235027
1028542 1028542 0.0631290281408596
1028602 1028602 0.223021207157722
1028759 1028759 0.0288018472526936
1028788 1028788 0.0385191509830955
1028815 1028815 0.00904598002469661
1028980 1028980 0.0358016358850537
1029046 1029046 0.0477648376678298
1029137 1029137 0.0286473978493503
1029153 1029153 0.00878149530467092
1029170 1029170 0.024140777489742
1029210 1029210 0.0476830269367125
1029421 1029421 0.0345835082189921
1029439 1029439 0.0849003122881438
1029466 1029466 0.104367941725172
1029549 1029549 0.0435151309909887
1029568 1029568 0.0179710350600956
1029701 1029701 0.0612855582532616
1029745 1029745 0.00584532831238131
1029844 1029844 0.1889010684455
1029920 1029920 0.0584070723679763
1029947 1029947 0.122951653234669
1030039 1030039 0.0315205982562741
1030082 1030082 0.0865601932791568
1030361 1030361 0.0159662873584513
1030375 1030375 0.0134241641393362
1030463 1030463 0.0791836412824325
1030490 1030490 0.0241141176090669
1030637 1030637 0.0209582470976278
1030641 1030641 0.076264516322472
1030670 1030670 0.0098486510227624
1030702 1030702 0.0157979007865336
1030768 1030768 0.0965154256800189
1030784 1030784 0.14421310133389
1030991 1030991 0.00851767690932572
1031241 1031241 0.0354336080586236
1031264 1031264 0.0439734511258235
1031374 1031374 0.0664245663061611
1031452 1031452 0.0298486400506129
1031467 1031467 0.0554184855305445
1031480 1031480 0.0205369535430971
1031589 1031589 0.00878276505754305
1031895 1031895 0.0100634667204817
1031946 1031946 0.0232205390839958
1032082 1032082 0.00916109679273288
1032094 1032094 0.0133204626281198
1032109 1032109 0.00216747131390978
1032160 1032160 0.00798588768453935
1032233 1032233 0.0602156375319867
1032326 1032326 0.00246538778229842
1032358 1032358 0.0223499704047033
1032481 1032481 0.0320835708655798
1032528 1032528 0.0190712119793692
1032768 1032768 0.00226592102090279
1032773 1032773 0.0367304480047045
1032879 1032879 0.00987029554590488
1033115 1033115 0.0216536948289954
1033200 1033200 0.000910666766342518
1033261 1033261 0.0267021303154946
1033306 1033306 0.0111472184430432
1033320 1033320 0.0623497850276317
1033347 1033347 0.0220259283004523
1033388 1033388 0.0575595298849254
1033404 1033404 0.0172087024170449
1033564 1033564 0.137311795200172
1033628 1033628 0.0379968933872425
1033699 1033699 0.0205528766886399
1033724 1033724 0.316435021838547
1033822 1033822 0.00992942914842556
1034134 1034134 0.0942930469116097
1034176 1034176 0.0140688701253865
1034273 1034273 0.0714563521645184
1034307 1034307 0.00267321331836081
1034390 1034390 0.00930595280716973
1034524 1034524 0.0503378551499486
1034587 1034587 0.0331051119014812
1034639 1034639 0.0227736780948298
1034682 1034682 0.183426170330649
1034694 1034694 0.00390749545124171
1034729 1034729 0.0301669519400192
1034871 1034871 0.00946535342189564
1034892 1034892 0.0673835179456434
1034958 1034958 0.0688402986432171
1035010 1035010 0.0228260699839595
1035024 1035024 0.339554026859022
1035036 1035036 0.0252958785548805
1035072 1035072 0.14961039189373
1035106 1035106 0.0114310707537573
1035159 1035159 0.0244991468089463
1035192 1035192 0.0397889149196112
1035416 1035416 0.0163253120716656
1035484 1035484 0.0042215444636243
1035540 1035540 0.0513430061230587
1035632 1035632 0.0164327301429663
1035658 1035658 0.0476005242264532
1035707 1035707 0.050250620063847
1035719 1035719 0.102081425008963
1035790 1035790 0.114538998793554
1035801 1035801 0.167864121736118
1035867 1035867 0.00962829225431702
1035950 1035950 0.0139294841580073
1036421 1036421 0.0463513899009213
1036516 1036516 0.00805953242032357
1036530 1036530 0.0414699699331285
1036660 1036660 0.0199391290885738
1036697 1036697 0.0332912601332143
1036799 1036799 0.0127672187298005
1036861 1036861 0.0437991482275804
1037076 1037076 0.0143011633683133
1037179 1037179 0.00838434251531399
1037185 1037185 0.0165595483238522
1037672 1037672 0.00578257183608491
1037937 1037937 0.0143176470763708
1038049 1038049 0.00974681814744575
1038051 1038051 0.0704951069507649
1038084 1038084 0.00785458415371564
1038313 1038313 0.213612029185701
1038367 1038367 0.0212669239668058
1038410 1038410 0.0241182693249445
1038436 1038436 0.0108262939996968
1038546 1038546 0.0647757348065594
1038563 1038563 0.0587888957896165
1038779 1038779 0.0807143627024645
1038805 1038805 0.0175216757885055
1038812 1038812 0.0120383342229289
1039280 1039280 0.02264950286976
1039498 1039498 0.0220473133177431
1039547 1039547 0.0261752591954171
1040064 1040064 0.0550205258919092
1040218 1040218 0.0181036959837226
1040285 1040285 0.0463689212512931
1040336 1040336 0.00982603654539272
1040400 1040400 0.00899420208866191
1040668 1040668 0.0151473370186656
1040771 1040771 0.0291997384975494
1040808 1040808 0.0310282851964658
1041289 1041289 0.0399038647056255
1041306 1041306 0.0693619706794609
1041314 1041314 0.0214648203188143
1041388 1041388 0.0262633811236846
1041423 1041423 0.166019016865061
1041570 1041570 0.00549293006716061
1041586 1041586 0.0185514688588291
1041680 1041680 0.00259241700561825
1041787 1041787 0.0694022282049224
1041835 1041835 0.00864760300815978
1041863 1041863 0.0307049402868128
1042024 1042024 0.0240636364791676
1042091 1042091 0.0573337968722877
1042260 1042260 0.089491201565337
1042283 1042283 0.0924770851868903
1042518 1042518 0.00887925051119981
1042626 1042626 0.00639854019852863
1042735 1042735 0.00924341406038552
1042880 1042880 0.0737358691510192
1042908 1042908 0.100932493967505
1043033 1043033 0.0136869623154293
1043088 1043088 0.0493621450936606
1043205 1043205 0.0481642986257388
1043212 1043212 0.0250679134202616
1043311 1043311 0.179992446761348
1043325 1043325 0.039904798921942
1043374 1043374 0.208816904543759
1043476 1043476 0.0935233652389171
1043500 1043500 0.135348807051482
1043631 1043631 0.0257047948983478
1043696 1043696 0.00385291962555474
1043954 1043954 0.0335706086159174
1044028 1044028 0.169902625772501
1044045 1044045 0.36604922013076
1044290 1044290 0.00895480055469036
1044624 1044624 0.0399204978993309
1044860 1044860 0.0370393390462583
1045015 1045015 0.0257087689330883
1045094 1045094 0.062576686653108
1045288 1045288 0.0690983591875323
1045361 1045361 0.0278276181898735
1045389 1045389 0.00749956103142941
1045481 1045481 0.0256037019271609
1045545 1045545 0.0601046048806944
1045612 1045612 0.0705765326202703
1045702 1045702 0.0142325787184092
1045730 1045730 0.0100603351945597
1045751 1045751 0.0288429173486835
1045831 1045831 0.0476040956869827
1045885 1045885 0.0279272171471054
1045955 1045955 0.0166755069047281
1045969 1045969 0.00442375615128163
1046095 1046095 0.431592393825204
1046243 1046243 0.0422732874294213
1046266 1046266 0.0643015618535379
1046313 1046313 0.0748502182533656
1046522 1046522 0.00209639650076375
1046546 1046546 0.0121087678275122
1046554 1046554 0.0562705774393908
1046578 1046578 0.0357490174668427
1046590 1046590 0.0176523510302296
1046870 1046870 0.00713544756182692
1046911 1046911 0.0679763737907611
1046925 1046925 0.0412501355727694
1046974 1046974 0.0757482114973971
1047079 1047079 0.00520178636617187
1047199 1047199 0.0299492779465621
1047249 1047249 0.0848003564998392
1047354 1047354 0.036132855005436
1047390 1047390 0.0783487578732225
1047770 1047770 0.0199681095441056
1047865 1047865 0.0501725578769565
1047900 1047900 0.00223636140939753
1048063 1048063 0.186933314880764
1048129 1048129 0.0585561028637773
1048141 1048141 0.036582439422595
1048357 1048357 0.0745446547725382
1048362 1048362 0.0476164874461125
1048396 1048396 0.122730265358934
1048421 1048421 0.0138384534865178
1048494 1048494 0.0118553574133118
1048584 1048584 0.0472981520533288
1048609 1048609 0.0930153601865794
1048697 1048697 0.0271540198895474
1048713 1048713 0.0218437228746768
1048745 1048745 0.0118277670426483
1048767 1048767 0.134257301575194
1048861 1048861 0.063309409974958
1048959 1048959 0.00210315763092368
1049012 1049012 0.0154047611249507
1049041 1049041 0.0181727691097921
1049163 1049163 0.0215406329661911
1049583 1049583 0.150035003517142
1049684 1049684 0.00273311501310344
1049720 1049720 0.0355561183232929
1050000 1050000 0.00835218666744192
1050102 1050102 0.12457652703225
1050168 1050168 0.0548189130154296
1050245 1050245 0.00862683488451995
1050343 1050343 0.00377910731416687
1050412 1050412 0.0105045557206269
1050725 1050725 0.0163431151214032
1050756 1050756 0.0747597139075183
1050810 1050810 0.0119318261969681
1050904 1050904 0.00125571894603491
1051278 1051278 0.0453267436321048
1051290 1051290 0.0514500052847162
1051316 1051316 0.0140360499096833
1051327 1051327 0.0172377511757443
1051349 1051349 0.0398006301046971
1051351 1051351 0.255893557905118
1051508 1051508 0.0363112206526879
1051636 1051636 0.160250533584685
1051669 1051669 0.0512345317086462
1051732 1051732 0.00298582404502058
1051825 1051825 0.0130054134526042
1051838 1051838 0.0197722915567
1051897 1051897 0.107318950096488
1052032 1052032 0.113385820411339
1052102 1052102 0.00932658714752653
1052245 1052245 0.00370008382193703
1052382 1052382 0.0551791726395911
1052441 1052441 0.00754552701316439
1052520 1052520 0.0249186158421516
1052559 1052559 0.038302861591122
1052678 1052678 0.0344388154328764
1052681 1052681 0.0268107190629783
1052869 1052869 0.0415743153218158
1052940 1052940 0.0261221451689169
1053277 1053277 0.0150216758809301
1053301 1053301 0.00534956164847404
1053352 1053352 0.00339996972390611
1053367 1053367 0.0140282615848523
1053519 1053519 0.0801837678791731
1053614 1053614 0.0491772471595742
1053620 1053620 0.0389321528762204
1053671 1053671 0.0222506628032692
1053909 1053909 0.20640878752281
1054120 1054120 0.01861431158025
1054416 1054416 0.012688484994756
1054495 1054495 0.0263945011421375
1054540 1054540 0.0465541641552903
1054626 1054626 0.142657851145849
1054675 1054675 0.0648473115120419
1054746 1054746 0.0191607675593521
1054867 1054867 0.0131580855312479
1054899 1054899 0.0775446808671053
1054950 1054950 0.120149132537565
1055018 1055018 0.0217998654740191
1055079 1055079 0.153423596723594
1055145 1055145 0.0653762700895371
1055438 1055438 0.0824143844741314
1055442 1055442 0.00514401838861209
1055456 1055456 0.0249613576884457
1055474 1055474 0.0532247329563942
1055503 1055503 0.0808463558159778
1055587 1055587 0.0883224668365404
1055639 1055639 0.019500181051982
1055694 1055694 0.00467005694136493
1055705 1055705 0.0216076896058939
1055729 1055729 0.037617284285551
1055741 1055741 0.00604169435023488
1055786 1055786 0.0836617563710858
1055798 1055798 0.0448600627702457
1055806 1055806 0.0042132204012551
1056005 1056005 0.0972406113253742
1056064 1056064 0.100049300195873
1056154 1056154 0.0105066633331106
1056257 1056257 0.00635686959721457
1056336 1056336 0.0150267506076782
1056387 1056387 0.00831873796247334
1056493 1056493 0.0283725570257978
1056583 1056583 0.0530001357407896
1056901 1056901 0.00965510963015973
1057047 1057047 0.0842238641795958
1057092 1057092 0.0212849104722494
1057191 1057191 0.122753574168207
1057253 1057253 0.219837930795942
1057309 1057309 0.0190158718596751
1057397 1057397 0.0869897361708345
1057544 1057544 0.0156965684905634
1057561 1057561 0.0340179549871142
1057618 1057618 0.0999647048045719
1057623 1057623 0.184633889591448
1057766 1057766 0.0224532796325346
1057963 1057963 0.0843524886166707
1058011 1058011 0.159722067200247
1058074 1058074 0.0848806902141413
1058194 1058194 0.00908902608623567
1058232 1058232 0.0168904180651966
1058289 1058289 0.0649031838484667
1058347 1058347 0.051212518886683
1058423 1058423 0.0185899456773629
1058586 1058586 0.01109789946429
1058807 1058807 0.00942515184437567
1058822 1058822 0.0200221216093723
1059015 1059015 0.0208149879725238
1059094 1059094 0.178890460170829
1059247 1059247 0.0115817878957962
1059265 1059265 0.0253494325743917
1059422 1059422 0.0715222840266418
1059454 1059454 0.0148829402248777
1059463 1059463 0.0502422422934025
1059513 1059513 0.0316682898327348
1059670 1059670 0.015300203965217
1059702 1059702 0.00912600618238981
1059751 1059751 0.0324128275449257
1059831 1059831 0.0110989593541091
1059910 1059910 0.00980859554013961
1059924 1059924 0.0272466779204511
1059969 1059969 0.102472792827132
1060137 1060137 0.00268595070026317
1060203 1060203 0.00737063024389173
1060236 1060236 0.0117442757450536
1060287 1060287 0.0355513616060194
1060362 1060362 0.0168574270675373
1060379 1060379 0.00707769604943045
1060385 1060385 0.00943578593572608
1060415 1060415 0.044821030192975
1060527 1060527 0.0275170278380872
1060611 1060611 0.0363971645027228
1060832 1060832 0.0448700709139069
1060914 1060914 0.00930248625816623
1060992 1060992 0.068315523944125
1061055 1061055 0.018727928904361
1061106 1061106 0.144493748957488
1061192 1061192 0.0299817626541602
1061449 1061449 0.097615966026171
1061473 1061473 0.0922172501883672
1061867 1061867 0.152949958724786
1062063 1062063 0.0209725683928276
1062170 1062170 0.0430289598717511
1062291 1062291 0.0713750619271206
1062450 1062450 0.0443396420749147
1062568 1062568 0.0801727283453804
1062660 1062660 0.012642080044983
1062713 1062713 0.0320779228439681
1062728 1062728 0.110220569284053
1062817 1062817 0.0296846175666391
1062861 1062861 0.0695995835587927
1062889 1062889 0.175827358959227
1062992 1062992 0.00966766583065085
1063163 1063163 0.0654461044039471
1063279 1063279 0.0223058544868138
1063285 1063285 0.0383655922489666
1063372 1063372 0.00733062251142908
1063461 1063461 0.00840827309824311
1063538 1063538 0.00370101509397818
1063556 1063556 0.0551936082325528
1063627 1063627 0.0141540506656646
1063747 1063747 0.0966651545247764
1063765 1063765 0.14296714690419
1063788 1063788 0.0401346848982966
1063901 1063901 0.118516189708634
1064061 1064061 0.225843289330275
1064184 1064184 0.0303514789287856
1064234 1064234 0.0353863994750945
1064308 1064308 0.0427689757619384
1064343 1064343 0.00316658720670693
1064377 1064377 0.00744101168004064
1064412 1064412 0.0460812449598007
1064559 1064559 0.0250915675514333
1064709 1064709 0.137978885231773
1064783 1064783 0.0127680250486781
1064810 1064810 0.0244277946979783
1064836 1064836 0.0271866022834657
1064855 1064855 0.277030206081005
1064887 1064887 0.0116124520934952
1065047 1065047 0.0278703383013862
1065136 1065136 0.0308648383213588
1065342 1065342 0.163733777595671
1065397 1065397 0.0474947014165925
1065499 1065499 0.0223491851410096
1065679 1065679 0.10258001761306
1065685 1065685 0.0104826445099669
1065708 1065708 0.00976058490917867
1065721 1065721 0.118867689590711
1065743 1065743 0.0259107340515829
1065830 1065830 0.00941050248799716
1065935 1065935 0.0936997083206927
1065978 1065978 0.0723021565074128
1065981 1065981 0.0131031098535533
1065990 1065990 0.0245878031357562
1066233 1066233 0.0456574457448281
1066422 1066422 0.0237803230927688
1066463 1066463 0.0223558268161225
1066490 1066490 0.013442158640498
1066576 1066576 0.0181882290667225
1066641 1066641 0.0130595727669636
1066702 1066702 0.01426039576476
1066804 1066804 0.0529194790636126
1067030 1067030 0.0026939048955897
1067095 1067095 0.0479156495543212
1067100 1067100 0.00574555353586642
1067399 1067399 0.0124299563693011
1067507 1067507 0.0344373086736223
1067563 1067563 0.0126950908564581
1067665 1067665 0.0949607640603735
1067692 1067692 0.00833145979471934
1067829 1067829 0.166178012674738
1067997 1067997 0.0582973802424639
1068028 1068028 0.0475101433937201
1068222 1068222 0.059326475594932
1068327 1068327 0.00592899131753289
1068406 1068406 0.0924732137677783
1068488 1068488 0.0376864605036183
1068492 1068492 0.119600168470007
1068543 1068543 0.0208393438806496
1068594 1068594 0.236425116056802
1068726 1068726 0.0345665753525112
1068789 1068789 0.0277202567376006
1068929 1068929 0.0129356146957527
1069018 1069018 0.112129057111718
1069284 1069284 0.0399021057245612
1069381 1069381 0.0188091305462953
1069390 1069390 0.00813535119684602
1069411 1069411 0.0185554311160188
1069425 1069425 0.0831695019176322
1069510 1069510 0.0466573288848285
1069650 1069650 0.0251378424128869
1069712 1069712 0.0546393365237842
1069806 1069806 0.0762097800598249
1069932 1069932 0.163754110451527
1070009 1070009 0.18238872135338
1070217 1070217 0.0574165348319105
1070244 1070244 0.0108394941034849
1070258 1070258 0.114121330375309
1070418 1070418 0.0315964877720946
1070462 1070462 0.0148030078109042
1070485 1070485 0.0270754778909271
1070541 1070541 0.00534274610678741
1070601 1070601 0.00736387273420926
1070652 1070652 0.018057636381692
1070878 1070878 0.0151907635840059
1070927 1070927 0.109402761258725
1071268 1071268 0.0527398527722795
1071354 1071354 0.0390371275033949
1071378 1071378 0.0101807290256597
1071442 1071442 0.0688426308040883
1071643 1071643 0.0103722762651612
1071677 1071677 0.203804171390069
1071806 1071806 0.0114136207077088
1071833 1071833 0.0480734858291758
1071859 1071859 0.232979329296466
1071871 1071871 0.0267989847506825
1071975 1071975 0.0814711728685243
1072122 1072122 0.0943473734041519
1072231 1072231 0.0350258816002496
1072493 1072493 0.136938180467449
1072525 1072525 0.0416409868656154
1072583 1072583 0.00438608134211522
1072630 1072630 0.0639912497392044
1072714 1072714 0.0606926506963669
1072843 1072843 0.00847996667178974
1072928 1072928 0.00419681482285554
1073224 1073224 0.0205584821677496
1073318 1073318 0.0305137977184292
1073477 1073477 0.170569086439704
1073609 1073609 0.0548525524153665
1073734 1073734 0.114762030798831
1073875 1073875 0.0197200025983073
1073906 1073906 0.053949868847184
1073992 1073992 0.0141828706728117
1074214 1074214 0.0869105618146092
1074300 1074300 0.0414244289736141
1074326 1074326 0.0177834139896963
1074407 1074407 0.104600916884386
1074422 1074422 0.0199793992186534
1074454 1074454 0.00674992014015402
1074481 1074481 0.201930394479754
1074612 1074612 0.0210900843339978
1074879 1074879 0.0292888812670148
1075034 1075034 0.10416141870954
1075123 1075123 0.0648021502834869
1075162 1075162 0.00734810139182735
1075196 1075196 0.00745905673551211
1075543 1075543 0.0333056784018552
1075550 1075550 0.00944630831508437
1075577 1075577 0.0372907520916001
1075636 1075636 0.0608425168175131
1075655 1075655 0.0272887133897703
1075726 1075726 0.00450433752437818
1075789 1075789 0.00365230764637423
1075897 1075897 0.0409160489454455
1075905 1075905 0.0627348190390387
1075929 1075929 0.0389530352646872
1075937 1075937 0.0215750917078499
1075964 1075964 0.110622846675404
1076075 1076075 0.00715466564936533
1076173 1076173 0.10510047356696
1076280 1076280 0.0750143230715952
1076308 1076308 0.0824116050101968
1076464 1076464 0.0343288194613561
1076646 1076646 0.0324143182978255
1076803 1076803 0.126393255773297
1076824 1076824 0.00980507942026034
1076869 1076869 0.0136014523828879
1076962 1076962 0.0940387234818989
1077042 1077042 0.0345450007131306
1077166 1077166 0.0283785842864678
1077423 1077423 0.00289102714064836
1077505 1077505 0.00361708974389847
1077529 1077529 0.120686620089163
1077601 1077601 0.0794517308533614
1077703 1077703 0.424792756418754
1078020 1078020 0.0707018802969054
1078033 1078033 0.276912810911821
1078103 1078103 0.0261343432155586
1078148 1078148 0.0170263092858265
1078187 1078187 0.0824082790452025
1078253 1078253 0.0501868585041891
1078397 1078397 0.0121837047171383
1078526 1078526 0.033996645263008
1078558 1078558 0.107480913190444
1078657 1078657 0.042158164626441
1078685 1078685 0.0164468127809683
1078739 1078739 0.065887935650084
1078766 1078766 0.00281283887831827
1078802 1078802 0.252568541671553
1078946 1078946 0.0690541938330767
1079010 1079010 0.430147099633963
1079024 1079024 0.0460221373090672
1079159 1079159 0.0249349223026794
1079238 1079238 0.0445792931621041
1079451 1079451 0.0241238095265474
1079484 1079484 0.0124964632025669
1079523 1079523 0.156812822543756
1079540 1079540 0.004459358036915
1079585 1079585 0.00719353369584782
1079689 1079689 0.041048692109208
1079707 1079707 0.0557064990028874
1079719 1079719 0.0634315690853975
1079746 1079746 0.184014127151285
1079915 1079915 0.0281701578544768
1080051 1080051 0.00590452051860616
1080117 1080117 0.0125367432747214
1080266 1080266 0.078080829378488
1080313 1080313 0.0176989670744968
1080352 1080352 0.0233612475472435
1080455 1080455 0.0119885103999065
1080554 1080554 0.0105681683575786
1080671 1080671 0.0393488042658119
1080704 1080704 0.0683929763649105
1081111 1081111 0.0998837172274676
1081174 1081174 0.446609534644065
1081332 1081332 0.159119994058762
1081389 1081389 0.0914960922303629
1081393 1081393 0.00809371217238548
1081605 1081605 0.0110508332806338
1081857 1081857 0.0284013952496728
1081903 1081903 0.168269422200911
1081910 1081910 0.026369738792433
1081991 1081991 0.0259982025085665
1082030 1082030 0.0216548320673115
1082158 1082158 0.0365999777622381
1082301 1082301 0.0595016467785372
1082522 1082522 0.0282893310798869
1082731 1082731 0.0629619314335442
1082829 1082829 0.036099374433501
1082837 1082837 0.106018811547954
1082853 1082853 0.0192859121610124
1082974 1082974 0.255096480373983
1082983 1082983 0.00847201672988502
1083032 1083032 0.0297077671538203
1083044 1083044 0.00480841936104467
1083234 1083234 0.00885360012047537
1083245 1083245 0.0619132955855893
1083267 1083267 0.028085828813077
1083350 1083350 0.0345502690184798
1083366 1083366 0.0277773417213982
1083394 1083394 0.0265323220817181
1083412 1083412 0.0443473498151346
1083437 1083437 0.377343076819426
1083588 1083588 0.0173947958952198
1083654 1083654 0.0550345352371269
1083725 1083725 0.0248994025402808
1083891 1083891 0.213580300904939
1083931 1083931 0.0380202472553568
1083957 1083957 0.0146167963234705
1083979 1083979 0.00328372016613754
1084070 1084070 0.0841257592972111
1084303 1084303 0.0271759690350905
1084310 1084310 0.0169738241941951
1084417 1084417 0.00779938047066519
1084444 1084444 0.0275430989296115
1084574 1084574 0.0763063546094235
1084630 1084630 0.01390530714569
1084695 1084695 0.00392564465651363
1084706 1084706 0.0467062615023821
1084788 1084788 0.348929931765537
1084821 1084821 0.0673427768353821
1084882 1084882 0.0523228666911979
1084894 1084894 0.12685605849433
1085009 1085009 0.0210331381834192
1085025 1085025 0.0109945169975524
1085056 1085056 0.0940895512480707
1085097 1085097 0.00739081938374936
1085226 1085226 0.0233721859812268
1085462 1085462 0.0451852827100529
1085652 1085652 0.00486042804012483
1085667 1085667 0.141618597297353
1085748 1085748 0.0439988088871191
1085755 1085755 0.0147742960273673
1085949 1085949 0.00615602161456132
1085984 1085984 0.0214739966462413
1086072 1086072 0.00156013293778488
1086120 1086120 0.0312925490737836
1086274 1086274 0.0540670166526937
1086364 1086364 0.00794283039493828
1086398 1086398 0.114269710602696
1086430 1086430 0.0715418625091852
1086495 1086495 0.214860153324058
1086540 1086540 0.0170094567437745
1086579 1086579 0.118210468364914
1086778 1086778 0.116415314503138
1086781 1086781 0.0194000602619577
1086982 1086982 0.027511156642532
1087186 1087186 0.00545281897404493
1087269 1087269 0.00648744538030954
1087304 1087304 0.00626936775189613
1087331 1087331 0.0232237359166504
1087379 1087379 0.067589024126508
1087701 1087701 0.0164461038869888
1087734 1087734 0.0309608573734675
1087776 1087776 0.0711455747991661
1088040 1088040 0.0148140606164702
1088079 1088079 0.0616030768099537
1088101 1088101 0.00967685971087919
1088216 1088216 0.12453135403168
1088378 1088378 0.0189711084390664
1088381 1088381 0.0864331512388773
1088411 1088411 0.0377825689860194
1088460 1088460 0.0171855192617737
1088643 1088643 0.0404443708229597
1088705 1088705 0.0388238387861366
1088753 1088753 0.01482707471448
1088814 1088814 0.00429276086948363
1088993 1088993 0.0116242259195885
1089001 1089001 0.0147024140087965
1089034 1089034 0.0221106024385825
1089052 1089052 0.0155591403621561
1089067 1089067 0.00407976718600207
1089185 1089185 0.0174118514822685
1089316 1089316 0.00775482121894245
1089330 1089330 0.0169008561755025
1089406 1089406 0.0290270391341508
1089471 1089471 0.0692928294273539
1089488 1089488 0.0192148007584728
1089515 1089515 0.0323213906107867
1089672 1089672 0.0161415289314256
1089717 1089717 0.124285939644257
1089789 1089789 0.162600651881319
1089912 1089912 0.0399778133576924
1089998 1089998 0.0535707355664397
1090006 1090006 0.0145498408285818
1090014 1090014 0.0328787238971865
1090136 1090136 0.0128392557062721
1090148 1090148 0.00945804192657802
1090212 1090212 0.0355388770530811
1090325 1090325 0.0766017927483771
1090544 1090544 0.0223164232776721
1090640 1090640 0.018607329473753
1090685 1090685 0.00848096218468115
1090851 1090851 0.0160107885387028
1090895 1090895 0.0252166595288252
1091135 1091135 0.0525099547197244
1091190 1091190 0.0262183352662257
1091324 1091324 0.105337808954033
1091336 1091336 0.0219452811891417
1091369 1091369 0.0153616087642072
1091651 1091651 0.0125615332271468
1091866 1091866 0.0369263533509674
1091877 1091877 0.00967496947883437
1092014 1092014 0.0290240440592587
1092088 1092088 0.0489244952183574
1092187 1092187 0.137006163622281
1092342 1092342 0.0493171193898858
1092544 1092544 0.00794816704722633
1092657 1092657 0.0650820125593635
1092696 1092696 0.141747974278984
1092794 1092794 0.212502613118836
1092978 1092978 0.0257319452695615
1092990 1092990 0.0194590563298783
1093106 1093106 0.161369173867066
1093147 1093147 0.027459846007636
1093159 1093159 0.188549308126348
1093238 1093238 0.095056465028612
1093260 1093260 0.0160212049082313
1093329 1093329 0.0254671105771541
1093562 1093562 0.0181146968710215
1093707 1093707 0.196287615600653
1093852 1093852 0.00641924051401687
1093867 1093867 0.0444325691623533
1093908 1093908 0.00794954753255637
1093915 1093915 0.0134108983425639
1094049 1094049 0.0460331433081285
1094436 1094436 0.0242859657249343
1094633 1094633 0.0295044632835389
1094688 1094688 0.0495772841649084
1094718 1094718 0.013005171475091
1094762 1094762 0.024409779473898
1094779 1094779 0.0368463703515065
1094909 1094909 0.0124144800377655
1094911 1094911 0.00534711769697204
1094942 1094942 0.0079958352396952
1094960 1094960 0.0032026157785542
1095035 1095035 0.0543917537203598
1095054 1095054 0.0165771344315658
1095129 1095129 0.301273678424373
1095210 1095210 0.0210019949701525
1095287 1095287 0.0154069378782955
1095549 1095549 0.0169767649064621
1095701 1095701 0.00618838608831634
1095906 1095906 0.0511881157430717
1095992 1095992 0.0286736520410177
1096028 1096028 0.0336424937058034
1096179 1096179 0.00603412830765922
1096207 1096207 0.00771477661271214
1096543 1096543 0.201139208054871
1096594 1096594 0.0253289868837489
1096655 1096655 0.0343785783613635
1096717 1096717 0.0163773287983478
1096970 1096970 0.07083855008924
1097130 1097130 0.0413179093119751
1097234 1097234 0.0694476433660151
1097252 1097252 0.00700458396033864
1097343 1097343 0.028359683943247
1097412 1097412 0.0353444345555336
1097437 1097437 0.00685684162592815
1097520 1097520 0.00213251052150985
1097690 1097690 0.0722472048710349
1097738 1097738 0.00550474057035829
1097774 1097774 0.131578782224071
1097848 1097848 0.00934665036537383
1097855 1097855 0.0841196037237773
1097887 1097887 0.360122460054074
1097891 1097891 0.0187256532162469
1097923 1097923 0.0608582522935602
1098077 1098077 0.0161109232126873
1098082 1098082 0.147744696522098
1098142 1098142 0.0110449514580994
1098265 1098265 0.0120417341312447
1098300 1098300 0.0469313487972614
1098326 1098326 0.0477114640810269
1098580 1098580 0.0168958018328326
1098749 1098749 0.20123791913288
1099011 1099011 0.0948330217967602
1099226 1099226 0.00940331142639593
1099244 1099244 0.0308812081683665
1099333 1099333 0.053727360427006
1099404 1099404 0.0548226047311227
1099485 1099485 0.0408517109637955
1099512 1099512 0.0418840135719142
1099902 1099902 0.0458549475718581
1099930 1099930 0.0351342974307794
1099949 1099949 0.0772461319121737
1100113 1100113 0.0146823681097685
1100268 1100268 0.00134946294252003
1100666 1100666 0.00891190203452116
1100712 1100712 0.0449591359943189
1100729 1100729 0.0134188950108764
1100737 1100737 0.0212623221550008
1100871 1100871 0.00759577795061294
1101109 1101109 0.0376678808695447
1101156 1101156 0.0190821426335252
1101265 1101265 0.0138964407445278
1101292 1101292 0.0143029084839597
1101375 1101375 0.180889025927161
1101463 1101463 0.122880769560449
1101528 1101528 0.254461373863272
1101534 1101534 0.106905818202177
1101641 1101641 0.0690631916789099
1101653 1101653 0.0158424118258826
1101698 1101698 0.037822571166729
1101773 1101773 0.000624839869980774
1101862 1101862 0.00760090011916998
1101948 1101948 0.0341263206601812
1102189 1102189 0.170633354294547
1102345 1102345 0.017548556194764
1102424 1102424 0.0106885142278316
1102436 1102436 0.0106356488174545
1102469 1102469 0.218356458003557
1102590 1102590 0.00806243476826521
1102853 1102853 0.0273242072947707
1102909 1102909 0.0980275202496929
1102983 1102983 0.127207501616645
1103315 1103315 0.0188801792344752
1103382 1103382 0.0591805729511766
1103405 1103405 0.012154551122795
1103429 1103429 0.0576956559396492
1103437 1103437 0.0720293496269087
1103663 1103663 0.353225718722766
1103690 1103690 0.0613811043425182
1103742 1103742 0.0153512929615419
1103774 1103774 0.0282545782560796
1103810 1103810 0.0138373337977204
1103979 1103979 0.0442847157276261
1104146 1104146 0.140637300987981
1104190 1104190 0.0418398062035035
1104218 1104218 0.0112333323630951
1104223 1104223 0.398519809295378
1104303 1104303 0.2019166326299
1104310 1104310 0.0906057678704048
1104355 1104355 0.0399813243171345
1104444 1104444 0.0131966630544277
1104458 1104458 0.0274103800940831
1104509 1104509 0.0249940233061322
1104542 1104542 0.0355600840249227
1104583 1104583 0.0592246491493424
1104759 1104759 0.0215811808183966
1104999 1104999 0.00682248693278669
1105083 1105083 0.0130354863195354
1105182 1105182 0.0130113924415
1105333 1105333 0.0445860809968639
1105347 1105347 0.0918419472067838
1105512 1105512 0.00916530563501968
1105570 1105570 0.0673613102812197
1105710 1105710 0.030289063648928
1105769 1105769 0.0130248229030695
1105791 1105791 0.137899033543389
1105807 1105807 0.0685479355494909
1105930 1105930 0.0793828185885641
1106133 1106133 0.0621425335815816
1106147 1106147 0.0349966367732473
1106242 1106242 0.0581065553428452
1106337 1106337 0.0578789501665539
1106364 1106364 0.0934438153929292
1106386 1106386 0.507353284715351
1106504 1106504 0.0179901294676392
1106518 1106518 0.13301409289678
1106828 1106828 0.0938818063230501
1107129 1107129 0.0184591233396665
1107137 1107137 0.00915100893786721
1107153 1107153 0.0116390979114381
1107340 1107340 0.0190350172806233
1107527 1107527 0.0738190456187202
1107568 1107568 0.117214332649694
1107701 1107701 0.0433103204032922
1107734 1107734 0.0188406043637385
1107745 1107745 0.0135898006006644
1107832 1107832 0.0462051195582678
1107889 1107889 0.00503618727438651
1107965 1107965 0.0998038522044731
1107971 1107971 0.0911873788291912
1107992 1107992 0.063364266595791
1108134 1108134 0.0879938191227799
1108167 1108167 0.0162230440448133
1108199 1108199 0.0321229807654254
1108227 1108227 0.0357501574440096
1108295 1108295 0.0200004457898772
1108524 1108524 0.00480610727404768
1108555 1108555 0.00720429929415439
1108694 1108694 0.0252944210669459
1108729 1108729 0.0121302955894791
1108989 1108989 0.0450895676744296
1109034 1109034 0.124790084149287
1109052 1109052 0.00189765228639727
1109196 1109196 0.0656024065139181
1109219 1109219 0.0462128041016107
1109373 1109373 0.0445195031884593
1109384 1109384 0.0321399005790811
1109433 1109433 0.0281851957327494
1109471 1109471 0.223990198174832
1109492 1109492 0.019404845692734
1109566 1109566 0.0242997166658637
1109610 1109610 0.0134001060775829
1109636 1109636 0.00368224650646959
1109655 1109655 0.00790182451824575
1109809 1109809 0.0185670253071677
1109811 1109811 0.0479368915207532
1109897 1109897 0.0248545245986671
1109937 1109937 0.031021492057143
1109970 1109970 0.0179511611563499
1109986 1109986 0.0251210147031814
1110187 1110187 0.0139796988732706
1110270 1110270 0.00195161365955973
1110311 1110311 0.036056703661444
1110397 1110397 0.244389666857833
1110500 1110500 0.0267546317798184
1110544 1110544 0.026898529546998
1110589 1110589 0.122040205525314
1110708 1110708 0.01224866570931
1110750 1110750 0.0861600694466562
1110802 1110802 0.0288181741230138
1110830 1110830 0.0044176021783969
1110884 1110884 0.126401170009807
1111062 1111062 0.00187905447797199
1111079 1111079 0.0680388051607909
1111113 1111113 0.00608913819217985
1111227 1111227 0.028578834450917
1111249 1111249 0.0229353589342112
1111251 1111251 0.236671582325054
1111346 1111346 0.0456226823595382
1111510 1111510 0.160162432950944
1111536 1111536 0.0147777869322063
1111621 1111621 0.0615196281181318
1111694 1111694 0.0110923610385969
1111729 1111729 0.0110992533059725
1111820 1111820 0.0470674246773245
1111975 1111975 0.0547786160121199
1112119 1112119 0.0323116820303018
1112310 1112310 0.0796507215392379
1112387 1112387 0.174865690980945
1112475 1112475 0.00218953071451569
1112556 1112556 0.0215323160173253
1112627 1112627 0.0172487383139952
1112649 1112649 0.0831180417286558
1112695 1112695 0.0571427965416979
1112706 1112706 0.121022804958646
1112821 1112821 0.0087772828632696
1112913 1112913 0.0288539364746549
1112945 1112945 0.0211476934332054
1113141 1113141 0.0398118672760398
1113340 1113340 0.03472266322624
1113408 1113408 0.0634504066050193
1113439 1113439 0.0246038955644962
1113780 1113780 0.056703678757904
1113861 1113861 0.00125931415773597
1113875 1113875 0.0404590742784803
1114066 1114066 0.00235558784321952
1114138 1114138 0.126023357872826
1114214 1114214 0.0383980195219481
1114407 1114407 0.0218830405802677
1114422 1114422 0.0895189703618551
1114435 1114435 0.0331019425594507
1114454 1114454 0.00166475366472051
1114490 1114490 0.0786070974939493
1114534 1114534 0.0666207575172022
1114545 1114545 0.0176433046313549
1114730 1114730 0.00291968498405272
1114749 1114749 0.0569377700391723
1114751 1114751 0.0579055491622567
1114879 1114879 0.214929419122395
1115028 1115028 0.0420291296842956
1115034 1115034 0.061742196644801
1115118 1115118 0.0540356111816393
1115157 1115157 0.0458432690040146
1115207 1115207 0.0500437995941177
1115219 1115219 0.00706712754278674
1115235 1115235 0.140593347540582
1115351 1115351 0.0691555428680769
1115373 1115373 0.0143128361825971
1115384 1115384 0.150650675533704
1115406 1115406 0.0174092514209931
1115471 1115471 0.0299641777169295
1115543 1115543 0.0122181661423017
1115577 1115577 0.00753806465139596
1115594 1115594 0.0210985026738874
1115648 1115648 0.0361780457207649
1115700 1115700 0.0289924980495669
1115726 1115726 0.110329879687029
1115970 1115970 0.11448579184212
1115986 1115986 0.0039673592890181
1116061 1116061 0.0691703567754812
1116280 1116280 0.00556231595891076
1116315 1116315 0.0251791726116284
1116339 1116339 0.00327678508993806
1116498 1116498 0.0976422078425932
1116797 1116797 0.0242295153471024
1116848 1116848 0.0108190849668479
1116957 1116957 0.0222066745269659
1117166 1117166 0.00816058463129881
1117200 1117200 0.00876264618195587
1117226 1117226 0.00251040135635639
1117314 1117314 0.0119966861788155
1117388 1117388 0.0193149454406861
1117440 1117440 0.00461901661645043
1117529 1117529 0.0191807766191548
1117652 1117652 0.00688427634337444
1117710 1117710 0.0112069903463675
1117949 1117949 0.0350730499278374
1117984 1117984 0.0183852633329382
1118014 1118014 0.0555292362202711
1118033 1118033 0.00833808007341796
1118088 1118088 0.14127556056267
1118124 1118124 0.0724457339175812
1118136 1118136 0.0368254116771375
1118187 1118187 0.045045720527207
1118212 1118212 0.0483476254388699
1118286 1118286 0.00872746785446659
1118309 1118309 0.00262633910443548
1118452 1118452 0.0938083612176783
1118532 1118532 0.0730116227985776
1118558 1118558 0.0399761587380918
1118604 1118604 0.0317982566939496
1118895 1118895 0.00126267857389356
1119024 1119024 0.0044809666266332
1119147 1119147 0.017900951489839
1119274 1119274 0.105232826869598
1119353 1119353 0.0133770848616244
1119540 1119540 0.05753713593893
1119596 1119596 0.123112399182981
1119632 1119632 0.323414274777361
1119845 1119845 0.0738357457871594
1119852 1119852 0.108639339052176
1119899 1119899 0.00295325268265228
1120030 1120030 0.00666500193508379
1120132 1120132 0.0221496778495174
1120144 1120144 0.0456246944928333
1120175 1120175 0.0400894841632306
1120266 1120266 0.0422332071524664
1120301 1120301 0.029145145271186
1120380 1120380 0.0635038198275481
1120472 1120472 0.0503871584019659
1120519 1120519 0.0187284814592559
1120546 1120546 0.0274621735156631
1120563 1120563 0.0361372705405218
1120757 1120757 0.131161347119837
1120812 1120812 0.262782832930103
1120864 1120864 0.04148710901449
1120911 1120911 0.013755589750388
1120938 1120938 0.0860019832878155
1121013 1121013 0.0547486235950724
1121254 1121254 0.00662993733311246
1121330 1121330 0.10952047920121
1121492 1121492 0.0724398168711982
1121550 1121550 0.0819528995812869
1121672 1121672 0.062892575034319
1121691 1121691 0.00501843734288805
1121856 1121856 0.038144179046041
1121970 1121970 0.007295917906302
1122026 1122026 0.026673855205761
1122116 1122116 0.00577406352344311
1122127 1122127 0.0301811450131451
1122228 1122228 0.0731656891895223
1122321 1122321 0.0203148842652191
1122350 1122350 0.0869312604065541
1122382 1122382 0.0212231355138321
1122412 1122412 0.0488785986195142
1122547 1122547 0.0345318824157678
1122654 1122654 0.0243284058445337
1122836 1122836 0.0448174351845999
1122887 1122887 0.147861724373345
1122923 1122923 0.0108815859462951
1122940 1122940 0.0254923031265287
1123051 1123051 0.130229440257816
1123068 1123068 0.0133441513134881
1123161 1123161 0.052871652956294
1123294 1123294 0.0205792595175432
1123469 1123469 0.0495825401476181
1123581 1123581 0.0395703540552297
1123688 1123688 0.0728946118223417
1124329 1124329 0.0502597248886207
1124468 1124468 0.0396838034148256
1124484 1124484 0.052299360286877
1124632 1124632 0.0169859082311427
1124754 1124754 0.0306107335331554
1124880 1124880 0.13625678908886
1125023 1125023 0.00100261821715179
1125062 1125062 0.0551371268121395
1125176 1125176 0.0560151503209915
1125249 1125249 0.0112157377988948
1125346 1125346 0.0175863046580128
1125354 1125354 0.000701880328455985
1125608 1125608 0.129378307299213
1125666 1125666 0.0220361489267781
1125712 1125712 0.0245362812787696
1125737 1125737 0.320608177979171
1125798 1125798 0.0271905403072043
1125871 1125871 0.202979165088862
1126122 1126122 0.0279596747671371
1126257 1126257 0.00876438408941775
1126372 1126372 0.0714298908611824
1126387 1126387 0.0082766956189612
1126684 1126684 0.0128091473301793
1126765 1126765 0.0274164792876027
1126788 1126788 0.0163653962416177
1126821 1126821 0.00385460547367876
1127006 1127006 0.0337524123253302
1127241 1127241 0.0868432889408634
1127338 1127338 0.0133694337665452
1127356 1127356 0.054183909524001
1127413 1127413 0.00337233624761128
1127467 1127467 0.0532315073691105
1127480 1127480 0.0216131860322669
1127532 1127532 0.0560591692946297
1127604 1127604 0.101382214009509
1127679 1127679 0.0138667801440222
1128009 1128009 0.00960631319185079
1128083 1128083 0.0090436373578145
1128258 1128258 0.14115647155087
1128261 1128261 0.163427210634313
1128293 1128293 0.0369618557953213
1128423 1128423 0.00759267689392065
1128457 1128457 0.345975535346898
1128505 1128505 0.0175338699680147
1128529 1128529 0.148795861998957
1128586 1128586 0.0272423265400816
1128652 1128652 0.0386062328400065
1128755 1128755 0.00822117909778937
1128791 1128791 0.126565483736939
1128951 1128951 0.0429764696279641
1128995 1128995 0.000642457016304514
1129021 1129021 0.036887227137202
1129039 1129039 0.0168918816675544
1129361 1129361 0.00520938169173963
1129727 1129727 0.013689383018928
1129751 1129751 0.00514268982499203
1129831 1129831 0.00388028175561298
1129896 1129896 0.0255587886760775
1130054 1130054 0.0284434641305341
1130078 1130078 0.0155826556015823
1130164 1130164 0.0228660123858476
1130203 1130203 0.0126977667357065
1130269 1130269 0.0313567948909852
1130318 1130318 0.0206404775157377
1130340 1130340 0.0993666004611177
1130549 1130549 0.0136767356283869
1130674 1130674 0.0311387017954233
1130701 1130701 0.0300442668312753
1130776 1130776 0.00778943307214684
1130780 1130780 0.00252126981222607
1130799 1130799 0.0804914399951928
1130817 1130817 0.00331569973111569
1131165 1131165 0.0130608148864689
1131188 1131188 0.0347372923803035
1131211 1131211 0.00419057294838186
1131451 1131451 0.0205892068806185
1131473 1131473 0.0620322321379385
1131617 1131617 0.00451768575537712
1131939 1131939 0.0583301556331671
1132019 1132019 0.0150863879642425
1132022 1132022 0.0335408649463585
1132054 1132054 0.0325800276510248
1132210 1132210 0.072826870195942
1132421 1132421 0.0854899305441058
1132516 1132516 0.0779897013698129
1132584 1132584 0.0305284152955302
1132660 1132660 0.0559681879314048
1132875 1132875 0.00505405436843771
1133005 1133005 0.0930030216705043
1133098 1133098 0.0587313645429511
1133181 1133181 0.0174834369704167
1133223 1133223 0.0146522660857824
1133279 1133279 0.02405037960747
1133369 1133369 0.0297787499010811
1133372 1133372 0.0285962639028629
1133458 1133458 0.00414636060236096
1133542 1133542 0.0196397974322044
1133597 1133597 0.0603618203680691
1133630 1133630 0.00813249950279676
1133649 1133649 0.0499648245763229
1133684 1133684 0.0383542782817915
1133765 1133765 0.0171320524454508
1133771 1133771 0.102471216197086
1133928 1133928 0.166080383535354
1133976 1133976 0.0282180901785786
1134619 1134619 0.0700588252654932
1134635 1134635 0.0179724579812941
1134904 1134904 0.0224019638041048
1134923 1134923 0.0118659939676649
1134940 1134940 0.0353151601446794
1135136 1135136 0.0179629907589745
1135237 1135237 0.00555725276766779
1135264 1135264 0.0382277400963733
1135500 1135500 0.133452436744418
1135558 1135558 0.0117896532104542
1135662 1135662 0.00654681756601631
1135685 1135685 0.00635018259499945
1135721 1135721 0.0492071772204011
1135739 1135739 0.00847575150549354
1135794 1135794 0.039697173755134
1135816 1135816 0.0176847946609532
1135827 1135827 0.0235734477643366
1135851 1135851 0.0140036562498698
1135868 1135868 0.0513296519345362
1135935 1135935 0.0091355551026689
1136043 1136043 0.0542042881114606
1136050 1136050 0.206285787830204
1136066 1136066 0.0185236091401457
1136259 1136259 0.0528638577441684
1136407 1136407 0.0711501562662215
1136422 1136422 0.0597574899382641
1136534 1136534 0.00794063281931432
1136641 1136641 0.0776484006102015
1136768 1136768 0.0452743334895338
1136784 1136784 0.0578789463312159
1136972 1136972 0.0386841162103551
1136991 1136991 0.010288102129874
1137132 1137132 0.0786772702511762
1137161 1137161 0.0725073827140612
1137175 1137175 0.00890142177295766
1137352 1137352 0.0926609930563279
1137546 1137546 0.00957922915187084
1137563 1137563 0.0435204755537495
1137614 1137614 0.0382304620179064
1137647 1137647 0.0100476281477258
1137671 1137671 0.0219376454726635
1137692 1137692 0.0521858831737962
1137886 1137886 0.0845208617729371
1137956 1137956 0.254558605790596
1138001 1138001 0.0500335630062521
1138034 1138034 0.0895423481588818
1138316 1138316 0.182828485955207
1138459 1138459 0.0195279577052203
1138488 1138488 0.0362622234318224
1138582 1138582 0.110976321190192
1138624 1138624 0.00760464475312329
1138636 1138636 0.0197988499618459
1138687 1138687 0.00465063026820589
1138700 1138700 0.011354948623485
1138986 1138986 0.128091979152399
1139031 1139031 0.00644551503859419
1139113 1139113 0.0635266757936083
1139128 1139128 0.0279012549302426
1139273 1139273 0.00318599723100344
1139307 1139307 0.361871725974728
1139335 1139335 0.251172137239376
1139381 1139381 0.0204139370155627
1139483 1139483 0.0450432771449704
1139770 1139770 0.146065747800051
1139975 1139975 0.0283656400386175
1140009 1140009 0.100242301970598
1140011 1140011 0.00647828567908509
1140025 1140025 0.058061727228479
1140042 1140042 0.0077264958065405
1140200 1140200 0.036329525222014
1140275 1140275 0.224208521618984
1140306 1140306 0.0134893495210251
1140359 1140359 0.0106288107600285
1140462 1140462 0.0510667049673097
1140529 1140529 0.0044961237248091
1140586 1140586 0.00104323145164631
1140769 1140769 0.00662620878706368
1140772 1140772 0.00305284894437018
1140878 1140878 0.0960246426624579
1140890 1140890 0.0185418608938846
1140949 1140949 0.0106426832252294
1141005 1141005 0.00201714572094963
1141146 1141146 0.0429767080502024
1141154 1141154 0.0275854624782003
1141190 1141190 0.156881378175425
1141372 1141372 0.0287239256931833
1141391 1141391 0.0208165138314378
1141444 1141444 0.0122631568588705
1141493 1141493 0.0276326972853551
1141509 1141509 0.0967677910032669
1141583 1141583 0.0112257273407815
1141733 1141733 0.0245622154709986
1141843 1141843 0.106711440116683
1141976 1141976 0.0356514599427887
1141980 1141980 0.0453176085664014
1142169 1142169 0.0183451976169011
1142187 1142187 0.00217334282944968
1142309 1142309 0.0145173583315271
1142342 1142342 0.129193867744687
1142383 1142383 0.00880803448269785
1142413 1142413 0.0175316660102281
1142499 1142499 0.00433484595601779
1142685 1142685 0.243213211885703
1142715 1142715 0.012251121372319
1143133 1143133 0.0842157106938004
1143188 1143188 0.0788918530845739
1143596 1143596 0.0860030124072175
1143658 1143658 0.00618013976408336
1143689 1143689 0.00743713400366019
1143763 1143763 0.127556563564653
1143908 1143908 0.00420770670552105
1143982 1143982 0.0128224889097636
1144027 1144027 0.0138376651095987
1144068 1144068 0.021134014549499
1144158 1144158 0.0428532391515737
1144215 1144215 0.0141144733940152
1144380 1144380 0.0696207400305272
1144620 1144620 0.139977214931862
1144704 1144704 0.0190496524999097
1144718 1144718 0.0414376882818423
1144812 1144812 0.0104266608948061
1144870 1144870 0.0197136368668478
1144938 1144938 0.0243301016189364
1144983 1144983 0.00131528211260841
1145090 1145090 0.0373099113201532
1145129 1145129 0.020931254665767
1145153 1145153 0.079376745659277
1145170 1145170 0.0202515309788205
1145186 1145186 0.00331646756392498
1145272 1145272 0.0500123268871946
1145287 1145287 0.0897033983051464
1145340 1145340 0.0436384419162276
1145396 1145396 0.0123554096287597
1145415 1145415 0.11758683566225
1145466 1145466 0.0499542455081011
1145516 1145516 0.00750246631169516
1145527 1145527 0.151200270472107
1145530 1145530 0.0151998792143803
1145674 1145674 0.0444549619808184
1145697 1145697 0.00810204352310141
1145965 1145965 0.0204030565861142
1146162 1146162 0.110750762513092
1146196 1146196 0.0179826144574574
1146278 1146278 0.0494008667206224
1146465 1146465 0.0248032402363355
1146717 1146717 0.00797272411838531
1146953 1146953 0.0073096026228187
1146986 1146986 0.0401807883288717
1147026 1147026 0.00583681194034801
1147075 1147075 0.00696829019679145
1147130 1147130 0.0244693349532015
1147377 1147377 0.0142510849896734
1147405 1147405 0.00787009350953364
1147506 1147506 0.0379898606055992
1147547 1147547 0.0790104361612501
1147559 1147559 0.0207790524303228
1147619 1147619 0.224802907712032
1147654 1147654 0.0482487020179851
1147760 1147760 0.115676950988162
1147783 1147783 0.0278558955862669
1147872 1147872 0.0545608254274475
1147918 1147918 0.01595537340368
1148109 1148109 0.253983384843501
1148125 1148125 0.12444654041249
1148160 1148160 0.0450339853780014
1148183 1148183 0.302216515047926
1148214 1148214 0.0219265246435004
1148265 1148265 0.0667414393694369
1148288 1148288 0.056356730479708
1148332 1148332 0.0775502553186089
1148375 1148375 0.0810397569804354
1148389 1148389 0.0265795247697035
1148407 1148407 0.00560979186447887
1148435 1148435 0.0457129002086435
1148463 1148463 0.330666921162831
1148653 1148653 0.0169454501585491
1148773 1148773 0.0854212454213659
1148862 1148862 0.00233599973089675
1148903 1148903 0.0325760865977782
1149042 1149042 0.12186366274163
1149097 1149097 0.00649250643972053
1149177 1149177 0.00358279844417823
1149365 1149365 0.0105675478777052
1149457 1149457 0.00389070320257125
1149541 1149541 0.0181013958703994
1149916 1149916 0.0963450556878894
1150004 1150004 0.110940073034964
1150128 1150128 0.0117875095724503
1150180 1150180 0.0338172143265901
1150199 1150199 0.0342420943225881
1150216 1150216 0.0245467437132109
1150409 1150409 0.0457361732145551
1150650 1150650 0.0533792018292964
1150806 1150806 0.0724669711660362
1150847 1150847 0.0408752239763906
1150859 1150859 0.0242039349028418
1150865 1150865 0.0240792318381189
1150926 1150926 0.00691753835564925
1151027 1151027 0.0312833659055225
1151049 1151049 0.00533047339474056
1151193 1151193 0.115648305996551
1151266 1151266 0.0486818420684635
1151522 1151522 0.0396189989605188
1151581 1151581 0.0035108743400076
1151812 1151812 0.00951874932218542
1152145 1152145 0.0132278114775762
1152152 1152152 0.102627417716707
1152199 1152199 0.00437860557789526
1152322 1152322 0.141275993937911
1152346 1152346 0.0136515590326291
1152442 1152442 0.0132603232026122
1152456 1152456 0.162448756118739
1152460 1152460 0.141410476246886
1152536 1152536 0.041865959703817
1152548 1152548 0.180134380302024
1153263 1153263 0.0202029197647859
1153351 1153351 0.0571055703049628
1153384 1153384 0.000935968705801617
1153406 1153406 0.0332021148468095
1153459 1153459 0.0645393588271214
1153492 1153492 0.0688705024168327
1153566 1153566 0.0109707646952854
1153669 1153669 0.0195917667665095
1153761 1153761 0.0201913194955052
1153789 1153789 0.0463503663357995
1153825 1153825 0.00458858528762116
1153842 1153842 0.0256612037395533
1154014 1154014 0.0199256355399095
1154237 1154237 0.0354769162982705
1154298 1154298 0.10853640601478
1154374 1154374 0.185489091540208
1154413 1154413 0.144191653322469
1154500 1154500 0.00494654738307519
1154640 1154640 0.0222948399110456
1154696 1154696 0.00740486601940829
1154777 1154777 0.0112474800191827
1155075 1155075 0.00946214691376059
1155127 1155127 0.0748966046355392
1155149 1155149 0.0630414367578366
1155339 1155339 0.114636758054877
1155690 1155690 0.0221305769252718
1155803 1155803 0.0163291689131835
1156011 1156011 0.0193601199778716
1156025 1156025 0.140749233437047
1156042 1156042 0.00689581160715877
1156060 1156060 0.199467010020498
1156083 1156083 0.0112811589991003
1156275 1156275 0.00551374034730414
1156306 1156306 0.0439058509862448
1156570 1156570 0.0278303466859159
1156598 1156598 0.029680685819021
1156748 1156748 0.153877446258562
1156787 1156787 0.0146671168779222
1156984 1156984 0.0191761621982093
1157165 1157165 0.102055247004732
1157211 1157211 0.0258130998039608
1157658 1157658 0.0294024700138515
1157675 1157675 0.0171265419711306
1157689 1157689 0.0532687932723937
1157719 1157719 0.00678264238862732
1157966 1157966 0.00470312906649331
1158086 1158086 0.0207084397126397
1158098 1158098 0.102423045998577
1158310 1158310 0.0386529656440727
1158355 1158355 0.0154239745170279
1158426 1158426 0.0301126570777979
1158597 1158597 0.0666203551497922
1158706 1158706 0.0527437959535737
1158733 1158733 0.0072400184879137
1158747 1158747 0.0153311675338844
1158821 1158821 0.0188451149015562
1158934 1158934 0.285788942422845
1158967 1158967 0.0303663741308596
1158976 1158976 0.119346409420552
1159019 1159019 0.043805890838259
1159054 1159054 0.0603185626738908
1159186 1159186 0.0248875706672314
1159203 1159203 0.00180522711490008
1159318 1159318 0.0416986446686311
1159408 1159408 0.00291602494606849
1159415 1159415 0.0564995657255146
1159477 1159477 0.0744004731634953
1159494 1159494 0.0186665512143889
1159683 1159683 0.170817348796709
1159817 1159817 0.17934105051138
1159826 1159826 0.0778990105822249
1160066 1160066 0.0306602095416621
1160109 1160109 0.140118683827022
1160138 1160138 0.044560300952694
1160197 1160197 0.00815640921538191
1160288 1160288 0.0431357565730828
1160463 1160463 0.0359016385866011
1160478 1160478 0.150662551272657
1160567 1160567 0.0938276037138106
1160716 1160716 0.075058622531067
1160749 1160749 0.0174918493724349
1160948 1160948 0.0250563161056912
1161191 1161191 0.029493109716843
1161212 1161212 0.0764595767248499
1161374 1161374 0.0171095117436273
1161802 1161802 0.0588417750921206
1161830 1161830 0.0848150829793638
1161868 1161868 0.0171859131695596
1161884 1161884 0.0431612747591635
1162039 1162039 0.00934784595714656
1162125 1162125 0.0877932582272852
1162156 1162156 0.0341734336730123
1162160 1162160 0.0209156131074118
1162174 1162174 0.0282693780199702
1162197 1162197 0.0162854834108008
1162288 1162288 0.00923203733619112
1162300 1162300 0.0626360105420563
1162317 1162317 0.0142933439899095
1162326 1162326 0.0131557553234424
1162361 1162361 0.0430028176190904
1162407 1162407 0.0396242553187177
1162446 1162446 0.042879784616766
1162599 1162599 0.0462498513570911
1162641 1162641 0.0311630950466701
1162751 1162751 0.00645785056017945
1162885 1162885 0.0349088091216804
1162987 1162987 0.00282383362346651
1163042 1163042 0.00398078593888472
1163182 1163182 0.128718809086349
1163293 1163293 0.0354410837505321
1163388 1163388 0.0188044191534161
1163392 1163392 0.014053459694102
1163479 1163479 0.0100818099498803
1163496 1163496 0.0654591579863161
1163586 1163586 0.0353726656163796
1163613 1163613 0.0580679390824
1163645 1163645 0.00120126803951298
1163676 1163676 0.0312373469168923
1163819 1163819 0.012255601736799
1164004 1164004 0.0206354606978349
1164018 1164018 0.0346174026209445
1164040 1164040 0.0296299360008769
1164057 1164057 0.102307718309406
1164079 1164079 0.00568248317561182
1164085 1164085 0.135340543903939
1164227 1164227 0.0605382835942976
1164346 1164346 0.0471112085477531
1164438 1164438 0.0469431981135493
1164548 1164548 0.0587919741626474
1164572 1164572 0.0413737734447326
1164643 1164643 0.0174226466495476
1164666 1164666 0.00437729334714048
1164677 1164677 0.126208443394133
1164741 1164741 0.0543783035184285
1164753 1164753 0.0206889298894912
1164786 1164786 0.017803912824937
1165024 1165024 0.0225052311474452
1165225 1165225 0.0496893070024011
1165430 1165430 0.00377804593821921
1165468 1165468 0.0656633631954278
1165504 1165504 0.011159397591192
1165801 1165801 0.0305462290300842
1165852 1165852 0.00329223401724634
1165908 1165908 0.00480387609483634
1165943 1165943 0.0124186034557389
1166186 1166186 0.0137112931779037
1166210 1166210 0.010623642407449
1166595 1166595 0.0106422524228988
1166638 1166638 0.0019268221113655
1166800 1166800 0.0821844347418182
1166920 1166920 0.010664062640764
1166947 1166947 0.00773878748993159
1167157 1167157 0.00620860178957318
1167162 1167162 0.0261604718063989
1167219 1167219 0.034627197812756
1167316 1167316 0.171010789466756
1167488 1167488 0.107810155092238
1167577 1167577 0.0482912434243131
1167582 1167582 0.0276996469639368
1167603 1167603 0.00472738543898123
1167672 1167672 0.0524629784122723
1167726 1167726 0.00430073017668019
1167758 1167758 0.0140669529843592
1167809 1167809 0.0528595541140652
1167883 1167883 0.0300701966362182
1167937 1167937 0.0076749062534483
1167998 1167998 0.0507787065510482
1168016 1168016 0.0117265415406961
1168030 1168030 0.10872468906794
1168161 1168161 0.0308374760371933
1168399 1168399 0.221782157000241
1168507 1168507 0.0313121696214185
1168535 1168535 0.00616218319170124
1168590 1168590 0.0203699536518185
1168620 1168620 0.163673041312431
1168692 1168692 0.153842318603972
1168723 1168723 0.299487631416936
1168974 1168974 0.0247312661100918
1169017 1169017 0.00761344126782249
1169044 1169044 0.00273656655109438
1169075 1169075 0.0237956777269307
1169127 1169127 0.0821294945244447
1169168 1169168 0.0131624913651421
1169280 1169280 0.00327042436873134
1169533 1169533 0.00203986904808418
1169622 1169622 0.00878397921904727
1169803 1169803 0.017776587785936
1169957 1169957 0.0446411116867906
1170387 1170387 0.205016877396025
1170426 1170426 0.0232635742262912
1170511 1170511 0.33638842111007
1170695 1170695 0.0411822383962836
1170843 1170843 0.268543839788964
1171058 1171058 0.00921058658992183
1171061 1171061 0.00352899617214739
1171173 1171173 0.0416139845497146
1171195 1171195 0.0437798571463135
1171267 1171267 0.00568372951392613
1171429 1171429 0.0123811158344864
1171470 1171470 0.0471751977050094
1171565 1171565 0.132620680761993
1171607 1171607 0.054391206605039
1171962 1171962 0.00519306741250337
1172038 1172038 0.0295240338326307
1172056 1172056 0.00907535220367425
1172108 1172108 0.0531811288448617
1172166 1172166 0.0452229561547409
1172289 1172289 0.0266339466205882
1172320 1172320 0.0172164873211621
1172347 1172347 0.00556442098435359
1172365 1172365 0.164137872216305
1172423 1172423 0.0830774203751022
1172485 1172485 0.300744844972882
1172512 1172512 0.161857250778744
1172537 1172537 0.0440952651609075
1172553 1172553 0.0198527730389688
1172570 1172570 0.00285122635585316
1172628 1172628 0.0448726490883922
1172807 1172807 0.0901629296172259
1172835 1172835 0.117379169845588
1172878 1172878 0.0351946833794003
1172890 1172890 0.0185813169616826
1172916 1172916 0.122534760511425
1172949 1172949 0.0256765325129286
1172973 1172973 0.0192868306407164
1173015 1173015 0.00994890391724421
1173050 1173050 0.059563426915023
1173142 1173142 0.112236425716174
1173220 1173220 0.0331266476376197
1173271 1173271 0.0317514746514442
1173361 1173361 0.057218897198096
1173545 1173545 0.1128136460315
1173612 1173612 0.323324693595132
1173664 1173664 0.0116489821557603
1173749 1173749 0.0576804488366364
1173804 1173804 0.00715489515514896
1173885 1173885 0.00790337349811119
1174007 1174007 0.0442856628398388
1174022 1174022 0.0941060263431378
1174362 1174362 0.124569459153743
